command: plantri_ms -pGu 15 3/16
binary sha256: 11f1d0454e0bc76982d48882b3757dc0dd89db8e74196d5315b6564399678d99
start: 2026-10-02T01:01:36Z
./plantri_ms -pGu 15 3/16
cell 15 10 1 68 8
cell 15 10 2 7 1
cell 15 10 4 1 1
cell 15 11 1 5031 1648
cell 15 11 2 93 44
cell 15 11 3 2 1
cell 15 11 4 1 0
cell 15 11 6 3 2
cell 15 12 1 100758 42519
cell 15 12 2 493 256
cell 15 12 4 4 4
cell 15 13 1 1001765 428639
cell 15 13 2 1654 811
cell 15 13 4 10 2
cell 15 14 1 6051652 2108397
cell 15 14 2 4766 2248
cell 15 14 3 12 10
cell 15 14 4 10 6
cell 15 14 6 3 0
cell 15 15 1 24662520 5603031
cell 15 15 2 10023 3518
cell 15 15 4 18 7
cell 15 16 1 71680135 8442853
cell 15 16 2 19426 4763
cell 15 16 4 22 6
cell 15 17 1 153989951 7248931
cell 15 17 2 29047 4043
cell 15 17 3 14 4
cell 15 17 4 32 8
cell 15 17 6 7 3
cell 15 18 1 249719422 3533754
cell 15 18 2 42376 3016
cell 15 18 4 48 4
cell 15 19 1 309113927 966417
cell 15 19 2 46748 1391
cell 15 19 4 46 3
cell 15 20 1 292785186 140194
cell 15 20 2 51887 598
cell 15 20 3 19 3
cell 15 20 4 67 3
cell 15 20 6 13 5
cell 15 20 12 1 0
cell 15 21 1 210960180 10298
cell 15 21 2 42413 103
cell 15 21 4 62 1
cell 15 22 1 113727841 423
cell 15 22 2 35557 20
cell 15 22 4 78 0
cell 15 23 1 44462633 14
cell 15 23 2 20271 2
cell 15 23 3 9 0
cell 15 23 4 36 0
cell 15 23 6 9 0
cell 15 24 1 11916888 0
cell 15 24 2 12189 0
cell 15 24 4 58 0
cell 15 25 1 1959804 0
cell 15 25 2 3958 0
cell 15 25 4 22 0
cell 15 26 1 148813 0
cell 15 26 2 1461 0
cell 15 26 3 1 0
cell 15 26 4 34 0
cell 15 26 6 3 0
total 15 3 16 1492609588 28548013
1492609588 polytopes generated; cpu=654.10 sec
time: wall 655.52 s, user 654.08 s, sys 0.02 s, max rss 2940 KB
end: 2026-10-02T01:12:31Z
