command: plantri_ms -pGu 15 5/16
binary sha256: 11f1d0454e0bc76982d48882b3757dc0dd89db8e74196d5315b6564399678d99
start: 2026-10-02T01:12:31Z
./plantri_ms -pGu 15 5/16
cell 15 10 1 93 12
cell 15 10 2 9 5
cell 15 11 1 4769 1431
cell 15 11 2 87 42
cell 15 12 1 95235 38667
cell 15 12 2 551 287
cell 15 12 4 3 1
cell 15 13 1 959914 405926
cell 15 13 2 1886 901
cell 15 13 4 10 3
cell 15 14 1 5873313 2068598
cell 15 14 2 5147 2163
cell 15 14 3 4 4
cell 15 14 4 22 13
cell 15 14 6 3 3
cell 15 15 1 24135423 5702032
cell 15 15 2 11047 3681
cell 15 15 4 22 4
cell 15 15 28 1 0
cell 15 16 1 70612324 8706762
cell 15 16 2 21001 4857
cell 15 16 4 42 16
cell 15 17 1 152346595 7497697
cell 15 17 2 31478 4136
cell 15 17 3 5 1
cell 15 17 4 49 8
cell 15 17 6 6 3
cell 15 18 1 247834122 3618289
cell 15 18 2 44902 3152
cell 15 18 4 86 14
cell 15 19 1 307637403 963509
cell 15 19 2 49797 1431
cell 15 19 4 69 5
cell 15 20 1 292005958 137651
cell 15 20 2 54300 550
cell 15 20 3 7 1
cell 15 20 4 104 7
cell 15 20 6 6 2
cell 15 21 1 210671833 10940
cell 15 21 2 44248 115
cell 15 21 4 70 1
cell 15 22 1 113663746 480
cell 15 22 2 36894 25
cell 15 22 4 94 1
cell 15 23 1 44455452 6
cell 15 23 2 20799 2
cell 15 23 3 3 0
cell 15 23 4 41 0
cell 15 24 1 11911650 0
cell 15 24 2 12601 0
cell 15 24 4 64 1
cell 15 25 1 1957518 0
cell 15 25 2 3937 0
cell 15 25 4 24 0
cell 15 26 1 148294 0
cell 15 26 2 1553 0
cell 15 26 4 35 0
cell 15 26 6 1 0
cell 15 26 52 1 0
total 15 5 16 1484654651 29173435
1484654651 polytopes generated; cpu=594.58 sec
time: wall 595.01 s, user 594.54 s, sys 0.04 s, max rss 2932 KB
end: 2026-10-02T01:22:26Z
