command: plantri_ms -pGu 15 12/16
binary sha256: 11f1d0454e0bc76982d48882b3757dc0dd89db8e74196d5315b6564399678d99
start: 2026-10-02T01:50:11Z
./plantri_ms -pGu 15 12/16
cell 15 10 1 78 13
cell 15 10 2 9 1
cell 15 10 4 1 0
cell 15 11 1 4954 1448
cell 15 11 2 77 25
cell 15 11 4 1 0
cell 15 12 1 93766 37696
cell 15 12 2 490 241
cell 15 12 4 3 1
cell 15 13 1 929043 391026
cell 15 13 2 1572 783
cell 15 13 4 12 7
cell 15 14 1 5687674 2003489
cell 15 14 2 4713 1968
cell 15 14 3 6 6
cell 15 14 4 15 10
cell 15 14 6 6 5
cell 15 14 12 1 1
cell 15 15 1 23451373 5493278
cell 15 15 2 10045 3447
cell 15 15 4 27 11
cell 15 16 1 68825719 8293427
cell 15 16 2 19454 4595
cell 15 16 4 40 16
cell 15 17 1 149008642 7095833
cell 15 17 2 29785 4340
cell 15 17 3 14 10
cell 15 17 4 47 15
cell 15 17 6 9 6
cell 15 17 12 2 1
cell 15 18 1 243160776 3492001
cell 15 18 2 42330 3386
cell 15 18 4 70 13
cell 15 19 1 302608370 953669
cell 15 19 2 48436 1585
cell 15 19 4 54 8
cell 15 20 1 287945631 138049
cell 15 20 2 52521 683
cell 15 20 3 18 1
cell 15 20 4 86 7
cell 15 20 6 10 1
cell 15 20 12 2 1
cell 15 21 1 208264836 10266
cell 15 21 2 44320 138
cell 15 21 4 59 1
cell 15 22 1 112642540 414
cell 15 22 2 36036 26
cell 15 22 4 87 2
cell 15 22 20 1 1
cell 15 23 1 44177610 7
cell 15 23 2 21135 1
cell 15 23 3 9 0
cell 15 23 4 35 0
cell 15 23 6 9 0
cell 15 23 12 1 0
cell 15 24 1 11868473 0
cell 15 24 2 12484 0
cell 15 24 4 57 0
cell 15 25 1 1955120 0
cell 15 25 2 4113 0
cell 15 25 4 26 0
cell 15 26 1 148443 0
cell 15 26 2 1591 0
cell 15 26 3 1 0
cell 15 26 4 25 0
cell 15 26 6 1 0
cell 15 26 12 1 0
total 15 12 16 1461102895 27931959
1461102895 polytopes generated; cpu=545.19 sec
time: wall 545.38 s, user 545.19 s, sys 0.00 s, max rss 2940 KB
end: 2026-10-02T01:59:17Z
