command: plantri_ms -pGu 15 9/16
binary sha256: 11f1d0454e0bc76982d48882b3757dc0dd89db8e74196d5315b6564399678d99
start: 2026-10-02T01:31:57Z
./plantri_ms -pGu 15 9/16
cell 15 10 1 87 9
cell 15 10 2 4 1
cell 15 11 1 4836 1402
cell 15 11 2 89 33
cell 15 11 4 2 0
cell 15 12 1 94160 37027
cell 15 12 2 449 219
cell 15 12 4 4 4
cell 15 13 1 948200 393345
cell 15 13 2 1663 782
cell 15 13 4 6 2
cell 15 14 1 5795162 2002656
cell 15 14 2 4467 1975
cell 15 14 3 1 1
cell 15 14 4 18 7
cell 15 14 6 5 3
cell 15 15 1 23815260 5413976
cell 15 15 2 9687 3096
cell 15 15 4 15 7
cell 15 15 14 1 0
cell 15 16 1 69737788 8239763
cell 15 16 2 18575 4257
cell 15 16 4 35 7
cell 15 17 1 150779352 7129519
cell 15 17 2 28705 3931
cell 15 17 3 10 6
cell 15 17 4 30 8
cell 15 17 6 11 4
cell 15 18 1 245971287 3521026
cell 15 18 2 40851 3108
cell 15 18 4 58 5
cell 15 19 1 306047124 968385
cell 15 19 2 46941 1483
cell 15 19 4 36 4
cell 15 20 1 291215486 139352
cell 15 20 2 50441 549
cell 15 20 3 11 1
cell 15 20 4 82 4
cell 15 20 6 7 1
cell 15 21 1 210590620 8721
cell 15 21 2 42631 125
cell 15 21 4 44 0
cell 15 22 1 113816993 227
cell 15 22 2 34587 17
cell 15 22 4 80 0
cell 15 22 14 1 0
cell 15 23 1 44576316 6
cell 15 23 2 20389 3
cell 15 23 3 10 0
cell 15 23 4 28 0
cell 15 23 6 4 0
cell 15 24 1 11955704 0
cell 15 24 2 11975 0
cell 15 24 4 50 0
cell 15 25 1 1965963 0
cell 15 25 2 4008 0
cell 15 25 4 21 0
cell 15 26 1 149166 0
cell 15 26 2 1487 0
cell 15 26 3 3 0
cell 15 26 4 34 0
cell 15 26 6 1 0
cell 15 26 12 1 0
total 15 9 16 1477781062 27875057
1477781062 polytopes generated; cpu=551.18 sec
time: wall 551.44 s, user 551.19 s, sys 0.00 s, max rss 2680 KB
end: 2026-10-02T01:41:08Z
