command: plantri_ms -pGu 15 11/16
binary sha256: 11f1d0454e0bc76982d48882b3757dc0dd89db8e74196d5315b6564399678d99
start: 2026-10-02T01:41:09Z
./plantri_ms -pGu 15 11/16
cell 15 10 1 70 11
cell 15 10 2 8 3
cell 15 10 4 3 2
cell 15 11 1 4810 1431
cell 15 11 2 95 43
cell 15 11 4 2 1
cell 15 12 1 93469 37213
cell 15 12 2 484 266
cell 15 12 4 6 5
cell 15 13 1 927498 391543
cell 15 13 2 1631 796
cell 15 13 4 7 3
cell 15 14 1 5634889 1990309
cell 15 14 2 4801 2086
cell 15 14 3 3 3
cell 15 14 4 16 8
cell 15 14 6 2 1
cell 15 15 1 23154644 5442753
cell 15 15 2 10228 3473
cell 15 15 4 17 7
cell 15 16 1 67879135 8401222
cell 15 16 2 19827 4757
cell 15 16 4 32 9
cell 15 17 1 147096780 7357722
cell 15 17 2 30119 4327
cell 15 17 3 16 13
cell 15 17 4 23 7
cell 15 17 6 3 0
cell 15 18 1 240489534 3603140
cell 15 18 2 43564 3366
cell 15 18 4 51 14
cell 15 19 1 299969151 965434
cell 15 19 2 48840 1637
cell 15 19 4 34 2
cell 15 20 1 286129327 138819
cell 15 20 2 53369 636
cell 15 20 3 12 0
cell 15 20 4 61 5
cell 15 20 6 4 0
cell 15 20 12 1 1
cell 15 21 1 207411850 9863
cell 15 21 2 44194 148
cell 15 21 4 32 3
cell 15 22 1 112373701 379
cell 15 22 2 36035 13
cell 15 22 4 58 1
cell 15 22 10 1 0
cell 15 22 14 1 0
cell 15 23 1 44109723 6
cell 15 23 2 21013 1
cell 15 23 3 3 0
cell 15 23 4 27 0
cell 15 23 6 4 0
cell 15 24 1 11857502 0
cell 15 24 2 12225 0
cell 15 24 4 33 0
cell 15 25 1 1954271 0
cell 15 25 2 4092 0
cell 15 25 4 14 0
cell 15 26 1 148498 0
cell 15 26 2 1502 0
cell 15 26 4 18 0
cell 15 26 6 2 0
total 15 11 16 1449567365 28361482
1449567365 polytopes generated; cpu=542.63 sec
time: wall 542.87 s, user 542.63 s, sys 0.00 s, max rss 2684 KB
end: 2026-10-02T01:50:11Z
