command: plantri_ms -pGu 15 0/16
binary sha256: 11f1d0454e0bc76982d48882b3757dc0dd89db8e74196d5315b6564399678d99
start: 2026-10-02T00:50:23Z
./plantri_ms -pGu 15 0/16
cell 15 10 1 60 17
cell 15 10 2 15 6
cell 15 10 4 2 2
cell 15 11 1 4257 1408
cell 15 11 2 101 45
cell 15 11 4 3 1
cell 15 11 6 2 1
cell 15 12 1 89464 37207
cell 15 12 2 502 258
cell 15 12 4 6 2
cell 15 13 1 921389 398017
cell 15 13 2 1697 832
cell 15 13 4 5 3
cell 15 14 1 5718508 2028553
cell 15 14 2 4786 2121
cell 15 14 3 5 3
cell 15 14 4 15 12
cell 15 14 6 5 5
cell 15 15 1 23764684 5548124
cell 15 15 2 10127 3336
cell 15 15 4 17 6
cell 15 16 1 70059294 8487813
cell 15 16 2 19894 4547
cell 15 16 4 20 7
cell 15 17 1 152021087 7240088
cell 15 17 2 29575 4182
cell 15 17 3 16 8
cell 15 17 4 30 9
cell 15 17 6 7 4
cell 15 18 1 248282154 3488837
cell 15 18 2 42639 3099
cell 15 18 4 41 13
cell 15 19 1 308744615 934055
cell 15 19 2 47227 1438
cell 15 19 4 31 4
cell 15 20 1 293259075 134907
cell 15 20 2 51315 519
cell 15 20 3 16 2
cell 15 20 4 36 1
cell 15 20 6 8 0
cell 15 21 1 211536615 10122
cell 15 21 2 41776 116
cell 15 21 4 37 0
cell 15 22 1 114045096 280
cell 15 22 2 34457 18
cell 15 22 4 51 1
cell 15 23 1 44579012 1
cell 15 23 2 19552 0
cell 15 23 3 5 0
cell 15 23 4 19 0
cell 15 23 6 3 0
cell 15 24 1 11944539 0
cell 15 24 2 11759 0
cell 15 24 4 20 0
cell 15 25 1 1963349 0
cell 15 25 2 3729 0
cell 15 25 4 10 0
cell 15 26 1 148854 0
cell 15 26 2 1437 0
cell 15 26 4 15 0
cell 15 26 6 1 0
cell 15 26 12 1 0
total 15 0 16 1487403067 28330030
1487403067 polytopes generated; cpu=657.26 sec
time: wall 658.83 s, user 657.21 s, sys 0.05 s, max rss 2740 KB
end: 2026-10-02T01:01:22Z
