command: plantri_ms -pGu 15 15/16
binary sha256: 11f1d0454e0bc76982d48882b3757dc0dd89db8e74196d5315b6564399678d99
start: 2026-10-02T01:59:37Z
./plantri_ms -pGu 15 15/16
cell 15 10 1 73 14
cell 15 10 2 12 6
cell 15 10 4 1 0
cell 15 11 1 4418 1359
cell 15 11 2 99 43
cell 15 11 4 1 1
cell 15 11 6 1 1
cell 15 11 12 1 1
cell 15 12 1 92371 37718
cell 15 12 2 502 260
cell 15 12 4 7 6
cell 15 13 1 946616 411674
cell 15 13 2 1789 878
cell 15 13 4 9 4
cell 15 14 1 5831884 2116476
cell 15 14 2 4944 2234
cell 15 14 3 3 1
cell 15 14 4 16 6
cell 15 14 6 4 2
cell 15 15 1 24045679 5706239
cell 15 15 2 10429 3606
cell 15 15 4 21 6
cell 15 16 1 70523688 8580454
cell 15 16 2 20343 4812
cell 15 16 4 55 17
cell 15 17 1 152508093 7344829
cell 15 17 2 30997 4173
cell 15 17 3 8 4
cell 15 17 4 32 4
cell 15 17 6 3 0
cell 15 17 10 1 1
cell 15 17 20 1 1
cell 15 18 1 248570636 3536111
cell 15 18 2 44346 2995
cell 15 18 4 83 13
cell 15 19 1 308707734 954272
cell 15 19 2 49396 1460
cell 15 19 4 57 3
cell 15 20 1 292989142 138746
cell 15 20 2 54099 596
cell 15 20 3 17 2
cell 15 20 4 103 6
cell 15 20 6 3 1
cell 15 20 12 1 0
cell 15 21 1 211290524 9766
cell 15 21 2 44396 160
cell 15 21 4 52 1
cell 15 22 1 113908053 295
cell 15 22 2 36688 26
cell 15 22 4 97 1
cell 15 22 20 1 0
cell 15 23 1 44526824 4
cell 15 23 2 21015 0
cell 15 23 3 11 0
cell 15 23 4 29 0
cell 15 23 6 7 0
cell 15 23 12 1 0
cell 15 24 1 11927081 0
cell 15 24 2 12501 0
cell 15 24 4 52 0
cell 15 25 1 1959921 0
cell 15 25 2 4028 0
cell 15 25 4 15 0
cell 15 26 1 148522 0
cell 15 26 2 1484 0
cell 15 26 3 2 0
cell 15 26 4 28 0
cell 15 26 6 1 0
cell 15 26 12 1 0
total 15 15 16 1488319052 28859288
1488319052 polytopes generated; cpu=558.69 sec
time: wall 558.93 s, user 558.69 s, sys 0.00 s, max rss 2744 KB
end: 2026-10-02T02:08:56Z
