command: plantri_ms -pGu 15 1/16
binary sha256: 11f1d0454e0bc76982d48882b3757dc0dd89db8e74196d5315b6564399678d99
start: 2026-10-02T00:50:23Z
./plantri_ms -pGu 15 1/16
cell 15 10 1 99 10
cell 15 10 2 10 3
cell 15 11 1 5463 1500
cell 15 11 2 105 45
cell 15 11 3 1 0
cell 15 11 4 4 2
cell 15 11 6 2 0
cell 15 12 1 102656 40447
cell 15 12 2 554 260
cell 15 12 4 2 2
cell 15 13 1 1005408 424314
cell 15 13 2 1760 805
cell 15 13 4 6 2
cell 15 14 1 6098471 2148830
cell 15 14 2 5107 2095
cell 15 14 3 1 1
cell 15 14 4 7 3
cell 15 14 6 1 1
cell 15 15 1 24921959 5716789
cell 15 15 2 10579 3273
cell 15 15 4 13 6
cell 15 16 1 72676037 8509617
cell 15 16 2 20664 4624
cell 15 16 4 34 12
cell 15 17 1 156531209 7293429
cell 15 17 2 30914 4114
cell 15 17 3 7 5
cell 15 17 4 31 8
cell 15 17 6 5 5
cell 15 17 12 1 1
cell 15 18 1 254184547 3569917
cell 15 18 2 44292 3081
cell 15 18 4 50 6
cell 15 19 1 314522735 965758
cell 15 19 2 49669 1471
cell 15 19 4 40 6
cell 15 20 1 297459739 141232
cell 15 20 2 53697 537
cell 15 20 3 5 0
cell 15 20 4 66 2
cell 15 20 6 2 1
cell 15 21 1 213805330 10354
cell 15 21 2 44841 124
cell 15 21 4 45 3
cell 15 22 1 114940651 298
cell 15 22 2 36350 20
cell 15 22 4 59 0
cell 15 23 1 44812709 1
cell 15 23 2 21246 2
cell 15 23 3 3 0
cell 15 23 4 32 0
cell 15 23 6 1 0
cell 15 24 1 11980565 0
cell 15 24 2 12572 0
cell 15 24 4 46 0
cell 15 25 1 1966067 0
cell 15 25 2 4105 0
cell 15 25 4 23 0
cell 15 26 1 148863 0
cell 15 26 2 1532 0
cell 15 26 4 28 0
total 15 1 16 1515501020 28843016
1515501020 polytopes generated; cpu=671.14 sec
time: wall 672.31 s, user 671.09 s, sys 0.05 s, max rss 2940 KB
end: 2026-10-02T01:01:36Z
