command: plantri_ms -pGu 15 14/16
binary sha256: 11f1d0454e0bc76982d48882b3757dc0dd89db8e74196d5315b6564399678d99
start: 2026-10-02T01:59:17Z
./plantri_ms -pGu 15 14/16
cell 15 10 1 73 12
cell 15 10 2 14 7
cell 15 10 4 1 0
cell 15 11 1 4821 1485
cell 15 11 2 99 52
cell 15 11 4 2 0
cell 15 12 1 96368 39693
cell 15 12 2 512 255
cell 15 12 4 6 4
cell 15 13 1 959532 412591
cell 15 13 2 1784 915
cell 15 13 4 9 5
cell 15 14 1 5857860 2093579
cell 15 14 2 4980 2292
cell 15 14 3 4 2
cell 15 14 4 19 14
cell 15 14 6 2 2
cell 15 15 1 24036938 5611825
cell 15 15 2 10898 3655
cell 15 15 4 36 10
cell 15 16 1 70223530 8348315
cell 15 16 2 20791 5071
cell 15 16 4 61 22
cell 15 17 1 151511994 7257206
cell 15 17 2 31911 4340
cell 15 17 3 6 4
cell 15 17 4 46 10
cell 15 17 6 5 4
cell 15 17 10 1 0
cell 15 18 1 246599532 3607969
cell 15 18 2 45145 3430
cell 15 18 4 69 16
cell 15 19 1 306240528 982256
cell 15 19 2 50990 1698
cell 15 19 4 63 2
cell 15 20 1 290925071 141408
cell 15 20 2 55246 609
cell 15 20 3 5 3
cell 15 20 4 107 4
cell 15 20 6 5 2
cell 15 20 12 1 1
cell 15 21 1 210244602 10276
cell 15 21 2 45778 132
cell 15 21 4 56 5
cell 15 22 1 113683951 315
cell 15 22 2 37475 10
cell 15 22 4 88 0
cell 15 23 1 44569353 4
cell 15 23 2 21380 1
cell 15 23 3 7 0
cell 15 23 4 38 0
cell 15 23 6 2 0
cell 15 24 1 11969463 0
cell 15 24 2 12494 0
cell 15 24 4 54 0
cell 15 25 1 1970585 0
cell 15 25 2 4051 0
cell 15 25 4 20 0
cell 15 26 1 149629 0
cell 15 26 2 1462 0
cell 15 26 3 2 0
cell 15 26 4 30 0
cell 15 26 6 2 0
total 15 14 16 1479389587 28529511
1479389587 polytopes generated; cpu=562.87 sec
time: wall 563.13 s, user 562.87 s, sys 0.00 s, max rss 2936 KB
end: 2026-10-02T02:08:40Z
