command: plantri_ms -pGu 15 2/16
binary sha256: 11f1d0454e0bc76982d48882b3757dc0dd89db8e74196d5315b6564399678d99
start: 2026-10-02T01:01:22Z
./plantri_ms -pGu 15 2/16
cell 15 10 1 60 15
cell 15 10 2 7 4
cell 15 10 4 1 0
cell 15 11 1 4835 1530
cell 15 11 2 126 45
cell 15 11 3 1 1
cell 15 11 4 1 0
cell 15 12 1 100474 39696
cell 15 12 2 620 272
cell 15 12 4 7 3
cell 15 12 10 1 1
cell 15 12 20 1 1
cell 15 13 1 1009342 417284
cell 15 13 2 2112 864
cell 15 13 4 5 4
cell 15 14 1 6132561 2133261
cell 15 14 2 5804 2299
cell 15 14 3 3 3
cell 15 14 4 18 11
cell 15 14 6 1 1
cell 15 15 1 24994094 5763849
cell 15 15 2 11741 3416
cell 15 15 4 17 4
cell 15 16 1 72594477 8626319
cell 15 16 2 22593 4786
cell 15 16 4 36 11
cell 15 17 1 155743416 7265489
cell 15 17 2 32652 4149
cell 15 17 3 14 6
cell 15 17 4 27 3
cell 15 17 6 3 3
cell 15 18 1 252142774 3467114
cell 15 18 2 47037 3179
cell 15 18 4 67 11
cell 15 19 1 311610886 921346
cell 15 19 2 50667 1349
cell 15 19 4 55 2
cell 15 20 1 294586866 133452
cell 15 20 2 55419 553
cell 15 20 3 15 4
cell 15 20 4 82 3
cell 15 20 6 4 0
cell 15 21 1 211762032 10171
cell 15 21 2 44487 114
cell 15 21 4 44 0
cell 15 22 1 113928889 315
cell 15 22 2 36992 24
cell 15 22 4 86 0
cell 15 23 1 44466350 3
cell 15 23 2 20829 2
cell 15 23 3 6 0
cell 15 23 4 37 0
cell 15 23 6 3 0
cell 15 23 12 1 0
cell 15 24 1 11898984 0
cell 15 24 2 12507 0
cell 15 24 4 58 0
cell 15 25 1 1954393 0
cell 15 25 2 3992 0
cell 15 25 4 18 0
cell 15 26 1 148119 0
cell 15 26 2 1539 0
cell 15 26 3 1 0
cell 15 26 4 33 0
cell 15 26 12 1 0
total 15 2 16 1503428323 28800972
1503428323 polytopes generated; cpu=656.63 sec
time: wall 658.01 s, user 656.62 s, sys 0.01 s, max rss 2940 KB
end: 2026-10-02T01:12:20Z
