command: plantri_ms -pGu 15 7/16
binary sha256: 11f1d0454e0bc76982d48882b3757dc0dd89db8e74196d5315b6564399678d99
start: 2026-10-02T01:22:26Z
./plantri_ms -pGu 15 7/16
cell 15 10 1 86 15
cell 15 10 2 8 2
cell 15 11 1 5112 1475
cell 15 11 2 87 35
cell 15 11 4 1 1
cell 15 12 1 101243 40632
cell 15 12 2 474 242
cell 15 12 4 1 1
cell 15 12 10 1 0
cell 15 13 1 1011397 430676
cell 15 13 2 1799 878
cell 15 13 4 10 6
cell 15 14 1 6146872 2165704
cell 15 14 2 5118 2307
cell 15 14 4 21 6
cell 15 14 6 4 4
cell 15 15 1 25104623 5802647
cell 15 15 2 10820 3735
cell 15 15 4 22 14
cell 15 15 14 1 0
cell 15 16 1 73056980 8755387
cell 15 16 2 20770 5167
cell 15 16 4 42 12
cell 15 17 1 156925674 7435436
cell 15 17 2 30579 4467
cell 15 17 3 11 7
cell 15 17 4 37 6
cell 15 17 6 6 3
cell 15 18 1 254376553 3580029
cell 15 18 2 43650 3240
cell 15 18 4 63 11
cell 15 19 1 314580236 958003
cell 15 19 2 48172 1530
cell 15 19 4 51 8
cell 15 20 1 297537544 139136
cell 15 20 2 52699 623
cell 15 20 3 19 2
cell 15 20 4 73 8
cell 15 20 6 11 3
cell 15 21 1 213955078 10215
cell 15 21 2 43040 151
cell 15 21 4 35 1
cell 15 22 1 115101218 324
cell 15 22 2 35727 27
cell 15 22 4 70 2
cell 15 23 1 44904659 1
cell 15 23 2 20413 2
cell 15 23 3 11 0
cell 15 23 4 23 0
cell 15 23 6 8 0
cell 15 24 1 12006987 0
cell 15 24 2 12259 0
cell 15 24 4 39 0
cell 15 25 1 1970667 0
cell 15 25 2 3942 0
cell 15 25 4 12 0
cell 15 26 1 149266 0
cell 15 26 2 1484 0
cell 15 26 3 1 0
cell 15 26 4 24 0
cell 15 26 6 4 0
total 15 7 16 1517265837 29342181
1517265837 polytopes generated; cpu=570.39 sec
time: wall 570.68 s, user 570.39 s, sys 0.00 s, max rss 2884 KB
end: 2026-10-02T01:31:57Z
