command: plantri_ms -pGu 15 13/16
binary sha256: 11f1d0454e0bc76982d48882b3757dc0dd89db8e74196d5315b6564399678d99
start: 2026-10-02T01:50:19Z
./plantri_ms -pGu 15 13/16
cell 15 10 1 75 11
cell 15 10 2 7 1
cell 15 10 4 1 1
cell 15 11 1 5138 1543
cell 15 11 2 90 38
cell 15 11 4 2 2
cell 15 11 6 2 2
cell 15 12 1 99791 39526
cell 15 12 2 494 276
cell 15 12 4 5 4
cell 15 13 1 984125 410303
cell 15 13 2 1600 775
cell 15 13 4 9 3
cell 15 14 1 5940794 2051347
cell 15 14 2 4684 2029
cell 15 14 3 3 3
cell 15 14 4 7 4
cell 15 14 6 5 4
cell 15 14 12 1 0
cell 15 15 1 24234167 5536594
cell 15 15 2 10106 3353
cell 15 15 4 23 7
cell 15 16 1 70726852 8431331
cell 15 16 2 19645 4597
cell 15 16 4 36 13
cell 15 17 1 152689703 7287960
cell 15 17 2 30194 4136
cell 15 17 3 9 5
cell 15 17 4 40 5
cell 15 17 6 7 2
cell 15 18 1 248851508 3648121
cell 15 18 2 43362 3039
cell 15 18 4 60 11
cell 15 19 1 309376187 985100
cell 15 19 2 48910 1448
cell 15 19 4 52 8
cell 15 20 1 294205079 138018
cell 15 20 2 53419 584
cell 15 20 3 10 1
cell 15 20 4 72 3
cell 15 20 6 8 1
cell 15 21 1 212620179 10123
cell 15 21 2 44404 132
cell 15 21 4 50 2
cell 15 22 1 114871553 312
cell 15 22 2 36625 25
cell 15 22 4 76 3
cell 15 23 1 44984813 3
cell 15 23 2 20995 1
cell 15 23 3 9 0
cell 15 23 4 29 0
cell 15 23 6 3 0
cell 15 23 12 1 0
cell 15 24 1 12064108 0
cell 15 24 2 12484 0
cell 15 24 4 33 0
cell 15 25 1 1983581 0
cell 15 25 2 4045 0
cell 15 25 4 17 0
cell 15 26 1 150433 0
cell 15 26 2 1528 0
cell 15 26 3 2 0
cell 15 26 4 22 0
cell 15 26 12 1 0
total 15 13 16 1494121273 28560810
1494121273 polytopes generated; cpu=557.23 sec
time: wall 557.39 s, user 557.23 s, sys 0.00 s, max rss 2748 KB
end: 2026-10-02T01:59:37Z
