command: plantri_ms -pGu 15 4/16
binary sha256: 11f1d0454e0bc76982d48882b3757dc0dd89db8e74196d5315b6564399678d99
start: 2026-10-02T01:12:20Z
./plantri_ms -pGu 15 4/16
cell 15 10 1 69 12
cell 15 10 2 7 2
cell 15 11 1 4414 1337
cell 15 11 2 104 45
cell 15 11 3 1 1
cell 15 11 4 3 1
cell 15 12 1 91794 37819
cell 15 12 2 499 223
cell 15 12 4 2 2
cell 15 13 1 942898 405931
cell 15 13 2 1741 799
cell 15 13 4 2 0
cell 15 14 1 5849982 2103791
cell 15 14 2 4834 2088
cell 15 14 3 7 6
cell 15 14 4 14 4
cell 15 14 6 5 5
cell 15 14 12 1 1
cell 15 15 1 24203756 5720366
cell 15 15 2 10356 3385
cell 15 15 4 20 5
cell 15 16 1 70977537 8517196
cell 15 16 2 19651 4546
cell 15 16 4 41 13
cell 15 17 1 153244423 7158861
cell 15 17 2 29840 4217
cell 15 17 3 12 2
cell 15 17 4 42 8
cell 15 17 5 1 1
cell 15 17 6 9 4
cell 15 18 1 249218964 3416782
cell 15 18 2 42602 3213
cell 15 18 4 76 18
cell 15 19 1 308874584 937149
cell 15 19 2 48134 1510
cell 15 19 4 53 6
cell 15 20 1 292702955 139979
cell 15 20 2 52172 636
cell 15 20 3 11 2
cell 15 20 4 86 10
cell 15 20 6 5 0
cell 15 20 12 1 0
cell 15 21 1 210887254 11166
cell 15 21 2 43929 140
cell 15 21 4 51 0
cell 15 22 1 113667369 372
cell 15 22 2 36108 28
cell 15 22 4 88 0
cell 15 23 1 44429425 5
cell 15 23 2 21054 2
cell 15 23 3 4 1
cell 15 23 4 39 1
cell 15 23 6 3 0
cell 15 24 1 11904949 0
cell 15 24 2 12486 0
cell 15 24 4 56 0
cell 15 25 1 1957172 0
cell 15 25 2 4071 0
cell 15 25 4 21 0
cell 15 26 1 148473 0
cell 15 26 2 1549 0
cell 15 26 3 1 0
cell 15 26 4 28 0
cell 15 26 6 1 0
total 15 4 16 1489435839 28471691
1489435839 polytopes generated; cpu=595.33 sec
time: wall 595.85 s, user 595.32 s, sys 0.01 s, max rss 2940 KB
end: 2026-10-02T01:22:16Z
