command: plantri_ms -pGu 15 10/16
binary sha256: 11f1d0454e0bc76982d48882b3757dc0dd89db8e74196d5315b6564399678d99
start: 2026-10-02T01:41:01Z
./plantri_ms -pGu 15 10/16
cell 15 10 1 65 16
cell 15 10 2 8 3
cell 15 10 4 2 1
cell 15 11 1 4396 1355
cell 15 11 2 90 42
cell 15 11 6 1 1
cell 15 11 12 1 1
cell 15 12 1 89607 35877
cell 15 12 2 495 239
cell 15 12 4 9 6
cell 15 13 1 927155 394112
cell 15 13 2 1691 824
cell 15 13 4 11 3
cell 15 14 1 5758685 2051465
cell 15 14 2 4813 2088
cell 15 14 3 2 2
cell 15 14 4 12 5
cell 15 14 6 1 1
cell 15 14 12 2 1
cell 15 15 1 23887105 5631444
cell 15 15 2 10196 3523
cell 15 15 4 18 8
cell 15 16 1 70321755 8568548
cell 15 16 2 20095 4902
cell 15 16 4 29 14
cell 15 17 1 152448581 7411161
cell 15 17 2 29796 4277
cell 15 17 3 15 5
cell 15 17 4 42 3
cell 15 17 6 6 2
cell 15 18 1 248851644 3585805
cell 15 18 2 43387 3273
cell 15 18 4 67 16
cell 15 19 1 309671854 970134
cell 15 19 2 48002 1541
cell 15 19 4 49 5
cell 15 20 1 294419171 139700
cell 15 20 2 53069 625
cell 15 20 3 15 1
cell 15 20 4 74 8
cell 15 20 6 9 2
cell 15 21 1 212543928 9950
cell 15 21 2 43274 139
cell 15 21 4 54 5
cell 15 22 1 114653013 239
cell 15 22 2 35692 21
cell 15 22 4 92 3
cell 15 23 1 44831016 0
cell 15 23 2 20440 0
cell 15 23 3 7 0
cell 15 23 4 37 0
cell 15 23 6 3 0
cell 15 23 12 1 0
cell 15 24 1 12009238 0
cell 15 24 2 12148 0
cell 15 24 4 51 0
cell 15 25 1 1972841 0
cell 15 25 2 3951 0
cell 15 25 4 22 0
cell 15 26 1 149608 0
cell 15 26 2 1448 0
cell 15 26 3 1 0
cell 15 26 4 35 0
cell 15 26 6 1 0
cell 15 26 12 1 0
total 15 10 16 1492868927 28821396
1492868927 polytopes generated; cpu=557.97 sec
time: wall 558.25 s, user 557.97 s, sys 0.00 s, max rss 2748 KB
end: 2026-10-02T01:50:19Z
