command: plantri_ms -pGu 15 6/16
binary sha256: 11f1d0454e0bc76982d48882b3757dc0dd89db8e74196d5315b6564399678d99
start: 2026-10-02T01:22:16Z
./plantri_ms -pGu 15 6/16
cell 15 10 1 93 16
cell 15 10 2 17 5
cell 15 11 1 5821 1743
cell 15 11 2 118 45
cell 15 11 4 1 0
cell 15 11 6 1 1
cell 15 12 1 107436 43042
cell 15 12 2 529 277
cell 15 12 4 7 5
cell 15 13 1 1031946 427493
cell 15 13 2 1962 866
cell 15 13 4 10 8
cell 15 14 1 6156497 2119935
cell 15 14 2 5105 2162
cell 15 14 3 5 5
cell 15 14 4 21 11
cell 15 14 6 3 3
cell 15 15 1 24914814 5650340
cell 15 15 2 11007 3491
cell 15 15 4 21 11
cell 15 16 1 72191913 8488524
cell 15 16 2 20772 4800
cell 15 16 4 37 12
cell 15 17 1 154828424 7318842
cell 15 17 2 31349 4224
cell 15 17 3 14 9
cell 15 17 4 43 18
cell 15 17 6 3 1
cell 15 17 12 1 1
cell 15 18 1 250993432 3551002
cell 15 18 2 44183 3105
cell 15 18 4 54 8
cell 15 19 1 310857883 970020
cell 15 19 2 49068 1474
cell 15 19 4 52 7
cell 15 20 1 294758483 144604
cell 15 20 2 52679 563
cell 15 20 3 15 2
cell 15 20 4 71 6
cell 15 20 6 10 0
cell 15 20 12 1 0
cell 15 21 1 212605305 10880
cell 15 21 2 43463 101
cell 15 21 4 53 1
cell 15 22 1 114692666 376
cell 15 22 2 35661 27
cell 15 22 4 74 1
cell 15 23 1 44856537 3
cell 15 23 2 20428 1
cell 15 23 3 9 0
cell 15 23 4 31 0
cell 15 23 6 12 1
cell 15 24 1 12020736 0
cell 15 24 2 12170 0
cell 15 24 4 45 0
cell 15 25 1 1975974 0
cell 15 25 2 3915 0
cell 15 25 4 21 0
cell 15 26 1 149782 0
cell 15 26 2 1454 0
cell 15 26 3 3 0
cell 15 26 4 29 0
cell 15 26 6 4 0
cell 15 26 12 2 0
total 15 6 16 1502482275 28748072
1502482275 polytopes generated; cpu=565.67 sec
time: wall 565.93 s, user 565.67 s, sys 0.00 s, max rss 2748 KB
end: 2026-10-02T01:31:42Z
