command: plantri_ms -pGu 15 8/16
binary sha256: 11f1d0454e0bc76982d48882b3757dc0dd89db8e74196d5315b6564399678d99
start: 2026-10-02T01:31:42Z
./plantri_ms -pGu 15 8/16
cell 15 10 1 86 12
cell 15 10 2 14 8
cell 15 11 1 5094 1531
cell 15 11 2 99 45
cell 15 11 4 1 1
cell 15 11 6 1 1
cell 15 12 1 100143 40674
cell 15 12 2 493 227
cell 15 12 4 1 1
cell 15 13 1 1001243 431680
cell 15 13 2 1634 786
cell 15 13 4 5 2
cell 15 14 1 6100043 2192242
cell 15 14 2 4526 1959
cell 15 14 3 5 2
cell 15 14 4 13 8
cell 15 14 6 4 4
cell 15 15 1 24937177 5786115
cell 15 15 2 9856 3142
cell 15 15 4 17 5
cell 15 16 1 72503946 8407390
cell 15 16 2 19253 4598
cell 15 16 4 32 17
cell 15 17 1 155548839 7038274
cell 15 17 2 29347 3940
cell 15 17 3 16 5
cell 15 17 4 28 7
cell 15 17 6 9 4
cell 15 18 1 251568209 3377381
cell 15 18 2 42097 2966
cell 15 18 4 55 14
cell 15 19 1 310467406 915147
cell 15 19 2 47108 1343
cell 15 19 4 36 7
cell 15 20 1 293221617 132066
cell 15 20 2 51405 545
cell 15 20 3 27 3
cell 15 20 4 70 6
cell 15 20 6 10 1
cell 15 21 1 210718646 8741
cell 15 21 2 42254 100
cell 15 21 4 36 0
cell 15 22 1 113364631 284
cell 15 22 2 34575 15
cell 15 22 4 59 0
cell 15 23 1 44256991 0
cell 15 23 2 20010 1
cell 15 23 3 15 0
cell 15 23 4 25 0
cell 15 23 6 3 0
cell 15 24 1 11848706 0
cell 15 24 2 11879 0
cell 15 24 4 36 0
cell 15 25 1 1946538 0
cell 15 25 2 3882 0
cell 15 25 4 18 0
cell 15 26 1 147589 0
cell 15 26 2 1483 0
cell 15 26 3 2 0
cell 15 26 4 21 0
cell 15 26 6 3 0
cell 15 26 12 1 0
total 15 8 16 1498057368 28351300
1498057368 polytopes generated; cpu=558.52 sec
time: wall 558.82 s, user 558.52 s, sys 0.00 s, max rss 2676 KB
end: 2026-10-02T01:41:01Z
