command: plantri_ms -pGu 11 0/1
binary sha256: 11f1d0454e0bc76982d48882b3757dc0dd89db8e74196d5315b6564399678d99
start: 2026-10-02T00:41:48Z
./plantri_ms -pGu 11 0/1
cell 11 8 1 21 16
cell 11 8 2 13 11
cell 11 8 4 4 4
cell 11 9 1 662 560
cell 11 9 2 97 75
cell 11 9 3 1 1
cell 11 9 4 5 1
cell 11 9 6 2 1
cell 11 9 12 1 1
cell 11 10 1 5790 4645
cell 11 10 2 331 232
cell 11 10 4 13 11
cell 11 11 1 24888 15406
cell 11 11 2 718 429
cell 11 11 4 17 10
cell 11 11 10 2 2
cell 11 11 20 1 0
cell 11 12 1 63080 23232
cell 11 12 2 1317 604
cell 11 12 3 4 1
cell 11 12 4 25 12
cell 11 12 6 10 4
cell 11 12 12 3 2
cell 11 13 1 102524 16483
cell 11 13 2 1663 463
cell 11 13 4 26 10
cell 11 14 1 110015 5312
cell 11 14 2 2023 305
cell 11 14 4 44 10
cell 11 15 1 78169 726
cell 11 15 2 1559 96
cell 11 15 3 5 0
cell 11 15 4 25 2
cell 11 15 6 13 1
cell 11 15 12 2 1
cell 11 16 1 35199 32
cell 11 16 2 1287 21
cell 11 16 4 40 3
cell 11 16 10 2 1
cell 11 17 1 9176 0
cell 11 17 2 516 2
cell 11 17 4 22 0
cell 11 18 1 970 0
cell 11 18 2 241 0
cell 11 18 3 1 0
cell 11 18 4 27 0
cell 11 18 6 5 0
cell 11 18 12 4 0
cell 11 18 36 1 0
total 11 0 1 440564 68728
440564 polytopes generated; cpu=0.19 sec
time: wall 0.20 s, user 0.19 s, sys 0.00 s, max rss 2748 KB
end: 2026-10-02T00:41:49Z
