command: plantri_ms -pGu 14 0/4
binary sha256: 11f1d0454e0bc76982d48882b3757dc0dd89db8e74196d5315b6564399678d99
start: 2026-10-02T00:46:26Z
./plantri_ms -pGu 14 0/4
cell 14 9 1 2 0
cell 14 9 2 4 0
cell 14 9 4 1 1
cell 14 9 12 2 2
cell 14 10 1 945 315
cell 14 10 2 78 40
cell 14 10 4 5 3
cell 14 11 1 26646 12830
cell 14 11 2 494 299
cell 14 11 4 11 8
cell 14 12 1 307542 161827
cell 14 12 2 1798 1114
cell 14 12 3 3 2
cell 14 12 4 38 31
cell 14 12 6 9 6
cell 14 12 8 1 1
cell 14 12 12 2 2
cell 14 13 1 1985726 900372
cell 14 13 2 4916 2677
cell 14 13 4 36 24
cell 14 14 1 8208890 2529305
cell 14 14 2 11244 5054
cell 14 14 4 82 48
cell 14 15 1 23387318 3798744
cell 14 15 2 19706 6177
cell 14 15 3 13 5
cell 14 15 4 67 36
cell 14 15 6 23 7
cell 14 15 12 2 1
cell 14 16 1 47918084 3142860
cell 14 16 2 31777 6243
cell 14 16 4 147 57
cell 14 16 8 5 1
cell 14 16 16 1 1
cell 14 17 1 72329574 1422457
cell 14 17 2 39592 3903
cell 14 17 4 89 23
cell 14 18 1 81296769 338651
cell 14 18 2 46880 1927
cell 14 18 3 24 0
cell 14 18 4 180 29
cell 14 18 6 34 3
cell 14 18 12 1 1
cell 14 19 1 68027703 40979
cell 14 19 2 41942 604
cell 14 19 4 111 11
cell 14 20 1 41881145 2101
cell 14 20 2 36980 134
cell 14 20 4 197 7
cell 14 20 8 5 1
cell 14 21 1 18443277 46
cell 14 21 2 22862 16
cell 14 21 3 20 0
cell 14 21 4 58 2
cell 14 21 6 22 0
cell 14 22 1 5502604 0
cell 14 22 2 14554 1
cell 14 22 4 112 0
cell 14 23 1 997319 0
cell 14 23 2 4963 0
cell 14 23 4 44 0
cell 14 24 1 82334 0
cell 14 24 2 1967 0
cell 14 24 3 5 0
cell 14 24 4 66 0
cell 14 24 6 8 0
cell 14 24 8 2 0
cell 14 24 12 1 0
total 14 0 4 370677062 12378989
370677062 polytopes generated; cpu=157.50 sec
time: wall 157.55 s, user 157.50 s, sys 0.00 s, max rss 2748 KB
end: 2026-10-02T00:49:04Z
