command: plantri_ms -pGu 14 2/4
binary sha256: 11f1d0454e0bc76982d48882b3757dc0dd89db8e74196d5315b6564399678d99
start: 2026-10-02T00:42:58Z
./plantri_ms -pGu 14 2/4
cell 14 9 1 7 1
cell 14 9 2 8 2
cell 14 9 28 1 0
cell 14 10 1 1051 354
cell 14 10 2 96 50
cell 14 10 4 7 6
cell 14 11 1 28076 13171
cell 14 11 2 540 288
cell 14 11 4 10 8
cell 14 12 1 317823 161362
cell 14 12 2 1916 1138
cell 14 12 3 3 2
cell 14 12 4 21 17
cell 14 12 6 1 0
cell 14 12 8 1 1
cell 14 12 12 3 3
cell 14 13 1 2017782 880693
cell 14 13 2 5071 2622
cell 14 13 4 30 25
cell 14 14 1 8261801 2441238
cell 14 14 2 11464 4970
cell 14 14 4 65 42
cell 14 15 1 23383780 3682233
cell 14 15 2 19675 5858
cell 14 15 3 18 4
cell 14 15 4 58 35
cell 14 15 6 14 5
cell 14 15 12 1 1
cell 14 16 1 47715061 3082440
cell 14 16 2 31631 5956
cell 14 16 4 140 60
cell 14 16 8 2 0
cell 14 16 28 1 0
cell 14 17 1 71861824 1397145
cell 14 17 2 38467 3693
cell 14 17 4 80 32
cell 14 18 1 80749976 336944
cell 14 18 2 46111 2088
cell 14 18 3 26 1
cell 14 18 4 182 31
cell 14 18 6 15 1
cell 14 18 12 3 0
cell 14 19 1 67626322 41028
cell 14 19 2 40486 600
cell 14 19 4 86 11
cell 14 20 1 41692176 2541
cell 14 20 2 36234 158
cell 14 20 4 203 10
cell 14 20 8 3 0
cell 14 21 1 18389477 61
cell 14 21 2 21623 15
cell 14 21 3 13 0
cell 14 21 4 52 1
cell 14 21 6 18 0
cell 14 22 1 5494197 0
cell 14 22 2 13862 1
cell 14 22 4 112 0
cell 14 22 8 2 0
cell 14 23 1 997173 0
cell 14 23 2 4612 0
cell 14 23 4 35 0
cell 14 24 1 82436 0
cell 14 24 2 1857 0
cell 14 24 3 2 0
cell 14 24 4 65 0
cell 14 24 6 5 0
cell 14 24 8 5 0
cell 14 24 12 2 0
cell 14 24 24 1 0
total 14 2 4 368893901 12066946
368893901 polytopes generated; cpu=147.79 sec
time: wall 147.88 s, user 147.79 s, sys 0.00 s, max rss 2940 KB
end: 2026-10-02T00:45:25Z
