command: plantri_ms -pGu 14 3/4
binary sha256: 11f1d0454e0bc76982d48882b3757dc0dd89db8e74196d5315b6564399678d99
start: 2026-10-02T00:43:02Z
./plantri_ms -pGu 14 3/4
cell 14 9 1 3 0
cell 14 9 2 5 3
cell 14 9 4 1 1
cell 14 10 1 932 308
cell 14 10 2 60 40
cell 14 10 4 5 4
cell 14 10 8 1 1
cell 14 11 1 25561 12323
cell 14 11 2 427 274
cell 14 11 4 9 9
cell 14 12 1 295830 155709
cell 14 12 2 1671 1078
cell 14 12 3 4 2
cell 14 12 4 32 28
cell 14 12 12 1 1
cell 14 12 48 1 1
cell 14 13 1 1934387 885717
cell 14 13 2 4671 2672
cell 14 13 4 36 29
cell 14 14 1 8098263 2542096
cell 14 14 2 10862 5144
cell 14 14 4 71 52
cell 14 14 8 3 3
cell 14 15 1 23321072 3906540
cell 14 15 2 18825 5983
cell 14 15 3 16 2
cell 14 15 4 65 34
cell 14 15 6 7 3
cell 14 15 12 2 2
cell 14 16 1 48144970 3194051
cell 14 16 2 30561 6097
cell 14 16 4 170 95
cell 14 16 8 5 3
cell 14 16 16 2 1
cell 14 17 1 73031009 1416201
cell 14 17 2 37434 3721
cell 14 17 4 120 36
cell 14 18 1 82336982 334604
cell 14 18 2 45269 2054
cell 14 18 3 32 0
cell 14 18 4 190 42
cell 14 18 6 13 2
cell 14 18 8 2 2
cell 14 18 12 6 3
cell 14 18 24 1 0
cell 14 19 1 69049577 40532
cell 14 19 2 39753 566
cell 14 19 4 102 15
cell 14 20 1 42543865 2115
cell 14 20 2 35722 142
cell 14 20 4 196 4
cell 14 20 8 8 1
cell 14 20 16 2 1
cell 14 21 1 18748054 42
cell 14 21 2 21541 8
cell 14 21 3 24 0
cell 14 21 4 84 1
cell 14 21 6 16 0
cell 14 21 12 2 1
cell 14 22 1 5595713 0
cell 14 22 2 13831 0
cell 14 22 4 120 0
cell 14 22 8 3 0
cell 14 23 1 1014725 0
cell 14 23 2 4689 0
cell 14 23 4 40 0
cell 14 24 1 83862 0
cell 14 24 2 1868 0
cell 14 24 3 5 0
cell 14 24 4 61 0
cell 14 24 6 6 0
cell 14 24 8 4 0
cell 14 24 12 2 0
cell 14 24 16 1 0
cell 14 24 48 2 0
total 14 3 4 374493467 12518399
374493467 polytopes generated; cpu=152.09 sec
time: wall 152.24 s, user 152.08 s, sys 0.01 s, max rss 2748 KB
end: 2026-10-02T00:45:34Z
