command: plantri_ms -pGu 14 1/4
binary sha256: 11f1d0454e0bc76982d48882b3757dc0dd89db8e74196d5315b6564399678d99
start: 2026-10-02T00:46:26Z
./plantri_ms -pGu 14 1/4
cell 14 9 1 4 0
cell 14 9 2 8 3
cell 14 9 4 3 1
cell 14 9 6 1 1
cell 14 10 1 1124 410
cell 14 10 2 131 76
cell 14 10 4 7 3
cell 14 11 1 29732 14440
cell 14 11 2 562 334
cell 14 11 4 14 8
cell 14 12 1 334043 174915
cell 14 12 2 2246 1312
cell 14 12 3 4 3
cell 14 12 4 32 23
cell 14 12 6 2 1
cell 14 12 8 3 1
cell 14 12 12 1 0
cell 14 12 24 1 0
cell 14 13 1 2127658 954400
cell 14 13 2 5383 2677
cell 14 13 4 29 21
cell 14 14 1 8695151 2639031
cell 14 14 2 12551 5051
cell 14 14 4 99 49
cell 14 14 8 3 2
cell 14 14 26 1 0
cell 14 15 1 24542677 3888835
cell 14 15 2 20389 5724
cell 14 15 3 17 3
cell 14 15 4 54 26
cell 14 15 6 10 5
cell 14 16 1 49887642 3178190
cell 14 16 2 33681 5951
cell 14 16 4 162 56
cell 14 16 8 9 2
cell 14 17 1 74804281 1432065
cell 14 17 2 39656 3655
cell 14 17 4 65 23
cell 14 18 1 83621051 343713
cell 14 18 2 48352 2085
cell 14 18 3 23 1
cell 14 18 4 198 35
cell 14 18 6 20 2
cell 14 18 8 1 0
cell 14 18 12 5 1
cell 14 19 1 69675018 41126
cell 14 19 2 41682 603
cell 14 19 4 87 8
cell 14 20 1 42728090 2382
cell 14 20 2 37566 181
cell 14 20 4 227 14
cell 14 20 8 11 0
cell 14 21 1 18754893 48
cell 14 21 2 22455 23
cell 14 21 3 11 0
cell 14 21 4 42 1
cell 14 21 6 21 0
cell 14 21 12 1 0
cell 14 22 1 5579942 0
cell 14 22 2 14436 2
cell 14 22 4 125 0
cell 14 22 8 3 1
cell 14 23 1 1009226 0
cell 14 23 2 4793 0
cell 14 23 4 52 0
cell 14 24 1 83164 0
cell 14 24 2 1895 0
cell 14 24 4 74 0
cell 14 24 6 8 0
cell 14 24 8 8 0
cell 14 24 12 4 0
cell 14 24 16 1 0
cell 14 24 48 1 0
total 14 1 4 382160922 12697523
382160922 polytopes generated; cpu=159.11 sec
time: wall 159.16 s, user 159.11 s, sys 0.00 s, max rss 2748 KB
end: 2026-10-02T00:49:05Z
