# C1: R2 (scaled by 1/150^2), lam_i (i < 30), mu_ij (i <= j, row-major); x = y / 150
1.05256374068570402e+00
5.04573522665960881e-04
2.79953007086393153e-04
2.16760229899402770e-03
2.20149485051473418e-03
1.49330573285540467e-04
-1.39101766742052319e-14
2.47101900692881524e-03
2.75155250221331910e-03
-1.86912474608405122e-14
2.72583707420566076e-03
2.90856274065712629e-03
1.35212367640040639e-03
4.33112884568206784e-03
3.67820123469347578e-04
4.34949186314806044e-03
2.01217292028189800e-03
4.43376056207364470e-03
2.16657463451758441e-03
1.43167939289834227e-03
7.02053158260884441e-04
4.64516306663351275e-14
3.27424185120592671e-03
2.47627106743865660e-03
2.48708226176976238e-03
2.50918948096885870e-03
3.03802921362919705e-03
2.39848191236562711e-03
7.59497738746569434e-05
6.97846871659797523e-04
3.42365720352879742e-04
8.54677049284637870e-05
2.62560066791135238e-04
1.08222950658554791e-03
9.86267999651077934e-04
2.82863085140960517e-05
1.42802054263163847e-04
1.54859095197169665e-03
1.40906404017388290e-03
9.26838220305488891e-05
1.53050090929207584e-03
1.65835468298257556e-03
6.94657181956048319e-04
2.33758144975926806e-03
6.23089020055689162e-04
2.26875414172456264e-03
1.27449207566364387e-03
2.19928639616594765e-03
1.33340935766614131e-03
7.31148214427885753e-04
6.40565656652767267e-04
2.40896120731948004e-04
1.80253254293710643e-03
1.33864227165814446e-03
1.32863701008847099e-03
1.25900694902105208e-03
1.71571510338533657e-03
1.19999414153784591e-03
7.12151577169505608e-04
5.27233026242669820e-04
3.35151480400473528e-04
1.69909795113550842e-05
4.13513448027247310e-04
4.44259497631220752e-04
1.99693613178795527e-04
1.01798633976333511e-03
1.16431790815124713e-03
9.98211969594632598e-04
1.83359351263922345e-04
9.56963493699529303e-04
1.27303319725009909e-03
1.96514774830522425e-04
1.36147600716396162e-03
8.89305104291550287e-04
1.59168082292937443e-03
9.82847029086856639e-04
1.37373163416289407e-03
1.01431577432469053e-03
2.52435683147539261e-04
7.57214621991321056e-04
2.51695400574115065e-05
1.40552624445538024e-03
6.07227622886213859e-04
7.89084109183815319e-04
7.38295102426444203e-04
1.31439224421105150e-03
5.52364645801846420e-04
1.28940204243344621e-05
3.60077187243701272e-04
3.05311098533900255e-05
1.41329892182656723e-03
2.95402217271080588e-03
3.09137124669719391e-04
1.12235589885073235e-03
2.89942206730978841e-03
3.03754574362425766e-03
7.05007957738147694e-04
2.76757874718853731e-03
3.15547225398258961e-03
2.02374623510888927e-03
4.99074698864406235e-03
1.57136519043224281e-03
4.77299832449183409e-03
2.13157682361553085e-03
5.43014984541794875e-03
2.28964992220608357e-03
2.22592399988455394e-03
1.43316984493720959e-03
2.73026452605646861e-04
3.47658537688586011e-03
2.77751719984028469e-03
2.67821903905062549e-03
3.23787344525907142e-03
3.15563891962462439e-03
3.26070751061159191e-03
8.02951435706892431e-04
9.95125505214291758e-04
8.37981744248115406e-04
1.45233426415124363e-03
2.30609903383234674e-04
6.49685881461761652e-04
3.24563195428127001e-03
3.33844749955850223e-03
6.14237070789375454e-04
2.99605841349339427e-03
3.36550965947524268e-03
2.04824887011496523e-03
5.49083304648616873e-03
1.45664057519621828e-03
5.10151039456870591e-03
2.34350140160770326e-03
5.57461001686732505e-03
2.52355929988575672e-03
2.20692690855586173e-03
1.39459774288881819e-03
4.22245678806726994e-04
3.74090397091621880e-03
3.10307740437500796e-03
2.98109493961032628e-03
3.20119474423065029e-03
3.48686117638729535e-03
3.29468423491886516e-03
1.29597322954536900e-03
1.03968584311675788e-03
9.23503300585966163e-04
1.38092844156647235e-05
4.20998417310346716e-04
5.88378855780487676e-04
4.44358926994037199e-04
1.13699913399646168e-05
8.43334574154743768e-04
8.87072000200997673e-04
1.91477958194854797e-04
7.19370706325502419e-04
4.37206517238572490e-04
1.00257954226460884e-03
7.42340397938898383e-04
7.92969891659842129e-04
7.31512491179739702e-04
2.16173621265130193e-04
3.96247526959049275e-04
3.42416029329694539e-05
9.09507284474764754e-04
3.54376402416002427e-04
4.15616920566949058e-04
5.71181484700186595e-04
8.23839744982960125e-04
4.04233667478487945e-04
2.69361106868343159e-05
3.01690025207961498e-04
3.29368840310106920e-05
-2.76738009783702078e-14
1.71907291424916838e-04
2.30981269578924887e-04
-2.78350599990345170e-14
2.38957275579703473e-03
1.81922578264711492e-03
9.54169281355527138e-04
8.83558562297432357e-04
7.92838897086689005e-05
2.26295997425207543e-03
1.59109179430463573e-03
1.78481384288847094e-03
1.78860966591398956e-03
9.82984454963179658e-04
6.28907764101158215e-05
7.45767836541289100e-15
2.01582936697313657e-03
1.60653662461053510e-04
2.09599069671677807e-04
1.90772432680379449e-03
1.62511939345887763e-03
1.40294219071061908e-03
2.58234635427520884e-05
8.75009916863092227e-04
1.55831690216213651e-05
1.88364349094797537e-03
4.24636940654472307e-03
1.35208221222724110e-04
4.36746003835171252e-03
4.12925381589582165e-03
1.98814678334817245e-03
5.59592824268781864e-03
3.17118327262748282e-03
5.76289475126509024e-03
3.31133196203620833e-03
5.65324118445947963e-03
3.62994123613313889e-03
2.19273458107353695e-03
2.99311898841803916e-03
7.36140514805746246e-04
4.56503675600062990e-03
4.03496656362715023e-03
3.94074634361417896e-03
3.48880562720336410e-03
4.36755515404178580e-03
3.28658620849306719e-03
1.30441459632000168e-03
1.55134437255260711e-03
1.10775862836981617e-03
2.20733641430056289e-03
2.13334026836493342e-04
4.45309393327571190e-03
4.44839486343863964e-03
2.03170903781261071e-03
6.24036229440335342e-03
2.95304143916129587e-03
6.12191833696005324e-03
3.50659627077741596e-03
6.10075739589135795e-03
3.78549004655412413e-03
2.25297790511518221e-03
2.84553146913970245e-03
7.89718896575156365e-04
4.86319353111434871e-03
4.28504423338257629e-03
4.16387310765558086e-03
3.63701752359870626e-03
4.63893034527368235e-03
3.45926690189052614e-03
1.60866647770119362e-03
1.59694423728500012e-03
1.16245862724307508e-03
-2.77366572696883442e-14
3.72253551652327241e-04
2.68347834595771884e-04
5.74909825321835689e-04
6.51592392540790120e-04
3.29883986945767122e-05
5.72742821272163231e-04
1.17813751379341442e-04
8.57016535271848271e-04
1.36838746951445026e-04
5.43966995165069168e-04
3.80745939452123232e-05
-2.65965738415776113e-14
3.06003594338749390e-04
3.86452212534379384e-04
2.52520816641767449e-04
6.30550759742273771e-04
2.15853875188787227e-04
6.93726114384945504e-04
1.96396596897463292e-06
1.17205698250966202e-04
1.99415931716023196e-04
1.87929037493683054e-03
4.11089038576641086e-03
1.75052109335321199e-03
5.87141711713002560e-03
4.08814201903530405e-03
5.86816242823036838e-03
3.13574840326614427e-03
5.68455640129648075e-03
3.38464059651055792e-03
1.89779530929837670e-03
3.61383513110282882e-03
4.24575549227238132e-04
4.71902198953129230e-03
3.81188450706100189e-03
3.88531469675665537e-03
3.15252867884728647e-03
4.47297989941851642e-03
2.98855562655979791e-03
2.30097504621002444e-04
1.32086072705528044e-03
9.34715808523232548e-04
1.98795333442817242e-03
2.11686802388959695e-03
5.89842156171663159e-03
4.07620726145709825e-03
5.97990272644795089e-03
3.06297479956156452e-03
5.85061854024618213e-03
3.38199513729787581e-03
2.25036364925766371e-03
3.64075029182550549e-03
4.81516784780245375e-04
4.65538804406692361e-03
4.05449279466326730e-03
3.97358824195145552e-03
3.44390883426394121e-03
4.41998522820740737e-03
3.35727368837940082e-03
2.98996958764407975e-04
1.38076952489628920e-03
1.11386184368258978e-03
6.63536265730296326e-04
3.50539307142406012e-03
9.13568453139771601e-04
3.30871078453558089e-03
1.35941142069611362e-03
3.83476306540034111e-03
1.46294903367199039e-03
1.47539037794620063e-03
8.30409841688671394e-04
1.18149593733070396e-04
2.37124388926877611e-03
1.78580751468247799e-03
1.77267663980619689e-03
2.20398264254419943e-03
2.16425188226054875e-03
2.22156229441606385e-03
5.50784526822845565e-04
6.15137906093824079e-04
5.09646622196431522e-04
4.42607043947426237e-03
4.20108275539217858e-03
8.64043248300172192e-03
4.37644196890884119e-03
9.32592397812454128e-03
4.76672257384442091e-03
3.85437967891880335e-03
3.92430481813891424e-03
8.94385957423105243e-04
6.47806398027409892e-03
5.96962564096481865e-03
5.71325214613606618e-03
5.66024383193328498e-03
6.08201677815782896e-03
5.60420561033485917e-03
1.74554379008633577e-03
2.09444044262900022e-03
1.77414701497749646e-03
7.57254809599397570e-04
5.12464602976873441e-03
3.47211309486583500e-03
4.09105173684339973e-03
3.76376839277796880e-03
1.04864494634186820e-03
1.53918020329886366e-03
5.48550739511534336e-04
4.51824527757518305e-03
2.31417097901270808e-03
2.60068291966133493e-03
2.63288956490283872e-03
4.30569272953145853e-03
2.01559229801903531e-03
1.56124778091756107e-03
1.48279938086231058e-03
3.43408701896791031e-04
4.22155280978276596e-03
4.49012832763344503e-03
8.89823958902625015e-03
4.83752005310717284e-03
3.60459814466000932e-03
4.62306191889064536e-03
7.47341952558109104e-04
6.61235621072656706e-03
5.84708878673391181e-03
5.57514093570148951e-03
5.42173895799576231e-03
6.05612984098975998e-03
5.25800889650927458e-03
7.02305436072087693e-04
2.11589325732655827e-03
1.69513444401051504e-03
1.15342815366112133e-03
4.15382012461237762e-03
2.57242245939433853e-03
1.45006419554511031e-03
3.10189444223798842e-03
3.67290398311636863e-04
3.52394530175090910e-03
3.12249523717972972e-03
3.13191694707406565e-03
2.32981231094436889e-03
3.44836467363173090e-03
2.25036736839828201e-03
1.39142045405878659e-04
9.96777957073436034e-04
7.99278795065400615e-04
4.80297956129634510e-03
4.52734149500501684e-03
4.10776688818974625e-03
3.73394174236119395e-03
7.18338680179286490e-04
6.55641750930721981e-03
5.88670175835932959e-03
5.51066562041999282e-03
5.76999140765561015e-03
6.05948692604491631e-03
5.91174947068273324e-03
1.27015414150962987e-03
1.95007171908233041e-03
1.83441601705245055e-03
1.34962553086824533e-03
1.57937595739016004e-03
3.38009726139316827e-03
3.88563794596135498e-04
3.74302648414026953e-03
3.43846963138158762e-03
3.43012384822562969e-03
2.52069737187708481e-03
3.69181173276833009e-03
2.45576295693079568e-03
1.54208791667327638e-04
1.04753741728857899e-03
8.88219249006480895e-04
7.36096730455238391e-04
9.71975520970238009e-04
1.30712861834027759e-04
2.58486169638026415e-03
1.97707529697506781e-03
1.99810435755855840e-03
2.27692461057378689e-03
2.41551293523872704e-03
2.28944780577900516e-03
6.49463066723868264e-04
6.36762939541445213e-04
5.27915880100344060e-04
7.04414392682399938e-04
5.83574121541727752e-04
4.08893557578104277e-03
2.21451284413598948e-03
2.39464337025033008e-03
2.38703301479059084e-03
3.86205854460560565e-03
1.85947369859567582e-03
1.38414349432397239e-03
1.37669237377079784e-03
3.91235049844611542e-04
-2.51886400734184355e-14
5.17305190397794774e-04
6.85844074714917428e-04
7.71319580415018692e-04
2.36183634111626677e-04
6.54742024014046977e-04
2.63040770470965052e-04
3.81007857012271580e-04
4.31401246030601056e-05
9.71634665132253394e-05
2.49468506199609268e-03
4.60671119975534712e-03
4.47434164622213630e-03
3.91612805968636311e-03
4.81517958235488323e-03
3.83739482620819392e-03
3.66890597352139466e-04
1.49836925041698385e-03
1.29215285347515228e-03
1.80661128185315438e-03
3.75477686601978109e-03
3.32725054947592648e-03
4.44687857791416924e-03
3.14310082774901800e-03
1.85821527066864643e-03
1.40558240872538411e-03
8.82143404533287240e-04
1.78222983232406837e-03
3.29210321004554801e-03
4.20063214962064328e-03
3.12545620087442818e-03
1.44445716685401011e-03
1.49030665411475438e-03
1.05648675984006840e-03
1.56037610166992274e-03
3.72921274749321010e-03
3.32081824994776096e-03
4.74241420912303575e-04
9.24359411268191192e-04
9.59733550136615890e-04
2.19573574629295222e-03
3.58342380547130692e-03
3.40122695993857972e-04
1.62093661817937847e-03
1.29549913642660968e-03
1.65159186985850684e-03
8.25341811621874144e-04
1.01837385987378561e-03
8.50866353038997160e-04
1.62349150955855026e-06
1.72052565709719668e-04
7.43615929122621493e-04
9.31376714160687654e-05
3.39552958534306308e-04
2.48327271862301350e-05
