# C3: R2 (scaled by 1/150^2), lam_i (i < 30), mu_ij (i <= j, row-major); x = y / 150
9.57145482024560956e-01
5.91646073546488418e-15
5.91608035591474616e-15
2.19107371548384446e-03
2.31749377218180451e-03
-4.74871423392454182e-15
5.91354010089270441e-15
2.31748960813504389e-03
2.19107456035207886e-03
-4.75016777192238307e-15
2.31749740643633810e-03
2.19107388670180701e-03
-4.74890374546159844e-15
4.88501733088340375e-04
4.00077156130641213e-03
4.88501803613073456e-04
4.00076630074170086e-03
4.88501469411023741e-04
4.00076388822206714e-03
1.17674229607799192e-03
1.17674142516181290e-03
1.17674239840335104e-03
2.66313000368974262e-03
2.59139295550748399e-03
2.66312620820089970e-03
2.59139451718959140e-03
2.59139185623779482e-03
2.66312930628170332e-03
8.84896814841879453e-13
8.84773079220708900e-13
8.84880514011867505e-13
-1.44115274623743906e-14
4.92072892648506735e-04
1.57888206608258427e-03
1.21757181651659888e-03
-1.40323228170114504e-14
4.92072840972564347e-04
3.83457016862664936e-04
2.82328321150527813e-04
2.90328465103204935e-04
1.48697999393427194e-03
1.29829208000120547e-03
6.13076022007512481e-05
1.24746324367565114e-03
1.42997478364462758e-03
1.29575461971470320e-05
1.65792099099714742e-03
1.07394749980537028e-03
2.08905340534089410e-03
1.05897402208834164e-03
1.36395289388129828e-03
5.36006925349835579e-05
1.23279861094219528e-03
7.75590175487390833e-04
4.79798628949468925e-04
1.83995653490621938e-03
9.14804861154538919e-04
1.80813562848164107e-03
9.19583872127100893e-15
5.94585637356940893e-04
3.36889893669155976e-04
-1.44115440911157616e-14
2.82327969019344118e-04
3.83455743257791082e-04
2.90328441799407079e-04
4.92072943585451935e-04
1.48697858836361533e-03
1.29829153043750775e-03
6.13075773345145606e-05
1.21757309442192168e-03
1.57888279637892481e-03
-1.40323461728452620e-14
1.29575479280836778e-05
1.65792138632610991e-03
1.07394774366442931e-03
2.08904957765742617e-03
1.24746367145446482e-03
1.42997025946973977e-03
1.36395341086346369e-03
5.36007856189032127e-05
1.05897359641163964e-03
1.80813436752884425e-03
9.14804745991411945e-04
1.23279669338519603e-03
7.75588250136386771e-04
1.83995747074285195e-03
4.79799122228889599e-04
5.94585579659357637e-04
3.36889914653879267e-04
9.19539476156647625e-15
1.55251069690183789e-03
3.33401800925722585e-03
4.33842234970072192e-04
1.29829267254926274e-03
2.88648533148568379e-03
3.01248769316094910e-03
7.58663856259958035e-04
2.73129025200724617e-03
3.01248917140654795e-03
1.00198996488909582e-04
2.03098606543849732e-03
4.96098276335386716e-03
2.38990835279321657e-03
4.80768287245291869e-03
2.32707025691459603e-03
5.23930677935577696e-03
2.50875131766637501e-03
2.35626105693924294e-03
2.39068624213485204e-03
3.32567165536871252e-03
3.50428746703841665e-03
3.27474116833661576e-03
3.46143794381081850e-03
3.27598151476899508e-03
3.64161535977520134e-03
9.79937852308120300e-04
8.12204053403133550e-04
9.16964434767611816e-04
1.60758993262287214e-03
3.02297017370135315e-04
1.48698068249905374e-03
2.71555134506240147e-03
2.73128884113041977e-03
8.04717492093894320e-04
2.71555018375523342e-03
2.88648583015633543e-03
1.72477721974409302e-04
2.18959196640827140e-03
4.89617104515218532e-03
2.06417516209185612e-03
4.61316433689719189e-03
2.36304998816347584e-03
5.08795607098656410e-03
2.48003611289037166e-03
2.50706565393063983e-03
2.11039755377096048e-03
3.14596251653194957e-03
3.41054956368119430e-03
3.07450091658344670e-03
3.43997652961857683e-03
3.11440367695117173e-03
3.76036879134857178e-03
8.92063743172653531e-04
8.27993991335945257e-04
9.18210534812531425e-04
-1.38912262960136742e-14
6.13076274277475890e-05
1.72477112783376451e-04
1.00198784782609590e-04
1.03634541318462813e-05
8.04717812698573518e-04
7.58664152896428197e-04
1.03634655797938483e-05
4.05215612416354827e-04
4.78026396781754907e-04
4.16082557358292675e-06
8.31913906103096948e-04
5.47040146554819110e-04
8.13061922425132168e-04
5.37090666946952685e-04
4.18135961528753354e-04
1.99041084584632064e-05
7.17543742156281374e-04
1.57578018442370150e-04
1.39648642048580102e-04
7.63756213521573453e-04
5.22965682656515536e-04
5.67458927973175692e-04
-7.22736767468749212e-15
3.03855990057467498e-04
7.49691602317934842e-05
-1.44116557888936024e-14
1.21757281556621557e-03
1.57888273640900234e-03
-1.40325025854539148e-14
3.83455264822804359e-04
2.82327987602571360e-04
2.90328418828871720e-04
1.07394775613003056e-03
2.08904859136222918e-03
1.24746313923835964e-03
1.42997458857861194e-03
1.29575321279328816e-05
1.65792151983739397e-03
5.36007308280486743e-05
1.05897436323559727e-03
1.36395358855703058e-03
4.79799670683964141e-04
1.83995642084531716e-03
1.80813719916693644e-03
9.14806737657658259e-04
7.75589302040652394e-04
1.23279778999634232e-03
3.36889872379975760e-04
9.19248690286764525e-15
5.94585522786907311e-04
1.60759542807824654e-03
3.33402672936803464e-03
3.02296667049975661e-04
2.71554169258784442e-03
2.73128449845041381e-03
8.04718526083594387e-04
2.36304808067616537e-03
5.08795194807771470e-03
2.18959782868565281e-03
4.89616787061566971e-03
2.06417097387779584e-03
4.61317011899752341e-03
2.11039429348814592e-03
2.48003414378946980e-03
2.50707456917444475e-03
3.07450394902142972e-03
3.43998543148803931e-03
3.76038002140106561e-03
3.11440327347105089e-03
3.41054634149422003e-03
3.14595902907500308e-03
9.18212649557309480e-04
8.92060617597991486e-04
8.27994754466309822e-04
1.55251357216373430e-03
4.33841941519951489e-04
2.88648077143862812e-03
3.01248617573877378e-03
7.58664395078532537e-04
2.32706816866204858e-03
5.23930602161674225e-03
2.03098907679582575e-03
4.96098055918619586e-03
2.38990627064649156e-03
4.80769083149966848e-03
2.39068562621149458e-03
2.50874908242994981e-03
2.35626630606660444e-03
3.27474681490653573e-03
3.46144460687160390e-03
3.64162195812108621e-03
3.27598123394909650e-03
3.50428573358688459e-03
3.32566988734496211e-03
9.16965787384380190e-04
9.79936313568657413e-04
8.12203925068481509e-04
-1.38914251052446994e-14
1.72477864912000563e-04
1.00198962158773273e-04
1.03634768640285508e-05
5.47040007414501678e-04
8.13064179346466450e-04
4.05215663738795753e-04
4.78026529110783880e-04
4.16082618047859197e-06
8.31913833361404070e-04
1.99041077535916612e-05
5.37090498493666534e-04
4.18135639440957738e-04
1.39648201420992788e-04
7.63756357146332782e-04
5.67458241094637161e-04
5.22964765808090230e-04
1.57578431876742337e-04
7.17544161713976167e-04
7.49691727719839008e-05
-7.22849672127381198e-15
3.03856040150706625e-04
1.60759326189456641e-03
3.33402237464473956e-03
3.02296376463974327e-04
2.06417640594739552e-03
4.61316179780726227e-03
2.36304670006655913e-03
5.08795090613877767e-03
2.18959508381031450e-03
4.89615701199955320e-03
2.50706917965162887e-03
2.11040036870787772e-03
2.48003144021487296e-03
3.76036706016722117e-03
3.11439845663155808e-03
3.14595688661892508e-03
3.41054909540620390e-03
3.43998118670797021e-03
3.07450590308101009e-03
8.27992508039251019e-04
9.18212221924717491e-04
8.92063132676884792e-04
1.55251240308888739e-03
4.33841899340797386e-04
2.38990855707823819e-03
4.80768078481861021e-03
2.32706822348132400e-03
5.23930672155988823e-03
2.03098852744967645e-03
4.96097106251262160e-03
2.35626381407733109e-03
2.39068831079148735e-03
2.50874888922516951e-03
3.64161455875782825e-03
3.27597715469946527e-03
3.32567079720698811e-03
3.50428780000937995e-03
3.46144329034663890e-03
3.27474527121342229e-03
8.12203420090996117e-04
9.16965393211077034e-04
9.79937208858761401e-04
-1.38912521923564426e-14
4.16082642437409059e-06
8.31913636034026650e-04
5.47040017673829028e-04
8.13063779675914046e-04
4.05215416852651303e-04
4.78028527055167438e-04
4.18135711228434363e-04
1.99041062798981083e-05
5.37090869386129869e-04
5.67459504059812962e-04
5.22965689311725881e-04
7.17544759864931908e-04
1.57578940452644703e-04
7.63755857219359699e-04
1.39648425792932788e-04
3.03856015284471631e-04
7.49691478709430632e-05
-7.22750926209751322e-15
5.06907666794489216e-04
3.67422184191184588e-03
1.93004595636351618e-03
3.68621609669760996e-03
1.93004634200727833e-03
3.69201872774547806e-03
2.11491883556312035e-03
1.26339122915859400e-03
1.90726286052690349e-03
2.72739127893056573e-03
2.51648852007224340e-03
2.47303046902534046e-03
2.26148864270276327e-03
2.75920842672117443e-03
2.31509399033760560e-03
9.19424416315174891e-04
5.59735499488540162e-04
5.10342249219496928e-04
4.11046223397620522e-03
3.69201764381719760e-03
8.10062688038286870e-03
3.68621443697317915e-03
8.10063714904358557e-03
3.86361285155758724e-03
4.01109853347398747e-03
3.98302953913660419e-03
5.34628939855440969e-03
5.60260369575978686e-03
5.78339540353685344e-03
5.46410684730559877e-03
5.60391237722749312e-03
5.56082832528915876e-03
1.55773202753732684e-03
1.47250734093661950e-03
1.38281900077118431e-03
5.06907722259947614e-04
3.67421993195028544e-03
1.93004494683413010e-03
3.68622665031533491e-03
1.90726360069691449e-03
2.11491840869849077e-03
1.26339329437420689e-03
2.47303767098371692e-03
2.26149343956086671e-03
2.31509724605154102e-03
2.75921091648359583e-03
2.51648626328101989e-03
2.72739208641761040e-03
5.10342282491430422e-04
9.19424323722305430e-04
5.59735287266708366e-04
4.11046327386411451e-03
3.69201949801443736e-03
8.10062205342285471e-03
3.98303040537416764e-03
3.86361485162282870e-03
4.01109672410574197e-03
5.78339364256314544e-03
5.46410201640400162e-03
5.56082777494286938e-03
5.60391618943777321e-03
5.60260383256382978e-03
5.34628844468219063e-03
1.38281833234494417e-03
1.55773308345997737e-03
1.47250704714473827e-03
5.06908419035090947e-04
3.67421026088318725e-03
1.26339295419627311e-03
1.90726531968013913e-03
2.11491733261263536e-03
2.31509243238178959e-03
2.75920490262200960e-03
2.72739215429353837e-03
2.51648908780707390e-03
2.26149358051359840e-03
2.47303501533321923e-03
5.59734951883983736e-04
5.10342702847209903e-04
9.19424180960077067e-04
4.11046165551389158e-03
4.01108597063796687e-03
3.98302957613077928e-03
3.86362470008803438e-03
5.56081502443272774e-03
5.60392880148277098e-03
5.34629765605294099e-03
5.60259306793959005e-03
5.46409858323979036e-03
5.78339354300899146e-03
1.47250937843420595e-03
1.38281215462178757e-03
1.55773726050987085e-03
6.90189231683684514e-04
2.11140040962672299e-03
2.11139855675058531e-03
2.51273263976674538e-03
2.85101488609977713e-03
2.77983489613988291e-03
2.83293306046639333e-03
2.39690669893897167e-03
2.73831317908134570e-03
5.41407789789480494e-04
6.06774353873317071e-04
9.82072338280700176e-04
6.90188245807994943e-04
2.11139773735599884e-03
2.77983419478673331e-03
2.83293235437952423e-03
2.73830824747730260e-03
2.39690136307023913e-03
2.85101894228439881e-03
2.51273424934573848e-03
9.82072651050512613e-04
5.41408449299633039e-04
6.06773778827877203e-04
6.90190416462379262e-04
2.73831625738301309e-03
2.39690759627415612e-03
2.51273975838464366e-03
2.85101910429356184e-03
2.83293128061564217e-03
2.77983274720681062e-03
6.06775025168168050e-04
9.82071745395511750e-04
5.41407783075576539e-04
1.91428172653481223e-03
3.69072529282962964e-03
3.73328604700304744e-03
3.95589815914153958e-03
3.71719299545596182e-03
3.73327969353556745e-03
8.59138647842108694e-04
9.94609125998512219e-04
1.14376876313460594e-03
1.78314535584344876e-03
3.71719515308964856e-03
3.86750062398680001e-03
3.86749643387857348e-03
3.95590072848608226e-03
1.05813997364366747e-03
1.15216030418443757e-03
7.88003877093622893e-04
1.91428724967183223e-03
3.69072277815993320e-03
3.95590202224870707e-03
3.73327643949215989e-03
9.94613405713398084e-04
1.14376694617444267e-03
8.59136425686317286e-04
1.78313916337062301e-03
3.86750363470504937e-03
3.71718854408178197e-03
1.15216317333685582e-03
7.88001904436024208e-04
1.05813912597466087e-03
1.78314372295164695e-03
3.69072474247757968e-03
7.88002444755354177e-04
1.05814070202737173e-03
1.15216077473767132e-03
1.91428401993397096e-03
1.14376801375873989e-03
8.59137890534966459e-04
9.94611033976096522e-04
1.46012763808718051e-13
3.71189048682255397e-04
3.71189145643663050e-04
1.45990808008049686e-13
3.71189241218477931e-04
1.46009937174021990e-13
