job               verified failed missing    wall_s    user_s
full_k0_0_q0         36271      0       1    474.93    473.50
full_k0_0_q1         36271      0       1    300.18    298.59
full_k0_0_q2         36269      0       3    295.18    293.58
full_k0_0_q3         36271      0       1    392.95    389.16
full_k0_1_q0         36270      0       2    647.16    631.70
full_k0_1_q1         36271      0       1    359.42    358.21
full_k0_1_q2         36272      0       0    398.47    394.44
full_k0_1_q3         36270      0       2    384.73    383.23
full_k0_2_q0         36271      0       1    434.92    433.47
full_k0_2_q1         36270      0       2    409.52    407.04
full_k0_2_q2         36272      0       0    368.86    367.84
full_k0_2_q3         36271      0       0    298.57    297.52
full_k1_0             2990      0      10    349.20    348.19
full_k1_1             2991      0       9    321.14    320.23
full_k1_2             2983      0      17    434.10    431.61
full_k1_3             2992      0       7    419.37    418.31
full_k1_4             2991      0       8    364.69    363.75
full_k1_5             2988      0      11    446.75    445.83
full_k1_6             2984      0      15    484.95    482.26
full_k1_7             2979      0      20    600.60    588.39
full_k1_8             2988      0      11    440.43    434.73
full_k2                393      0      48    376.79    375.88
full_k3                  1      0       4      4.22      4.19
p1_k1                   46      0      62    670.51    667.86
p1_k2                    8      0      36     10.19     10.16
p1_k3                    1      0       4      1.41      1.40
p2_k1                   43      0      65   2762.64   2542.72
p2_k2                    8      0      36    462.88    461.74
p3_k1                   17      0      91   3189.35   3120.86
p3_k2                   28      0      16   3264.58   3189.55
p3_k3                    3      0       2   1756.98   1655.02
p3w_k1                   3      0     105    777.95    775.64
p3w_k3                   1      0       4      6.68      6.65
p4a_k1                   1      0     107    457.99    451.96
p4b_k1                   2      0     106    128.73    128.24
p4c_k1                   2      0     106      1.51      1.50
p5a_k1                   1      0     107    944.53    941.20
p5b_k1                   1      0     107    941.97    939.90
p5c_k1                   1      0     107   1063.45   1059.36
pb_k0_0                  6      0  145082   1597.88   1581.83
pb_k0_1                  5      0  145083    283.46    281.97
pb_k0_2                  3      0  145084    333.67    331.18
pb_k2                    4      0     437    128.39    128.22
pw_k1                   43      0      65   1203.50   1194.28
pw_k2                    8      0      36    184.26    182.20
total               462764      0             29180     28595
