# u = cos(psi*) and the 18 frame points of Buddenhagen-Kottwitz as balls (600 bits); exact checks in bk15_exact.sage
u 0.592605902925073778096424922332757718675221060657437662498983468781798218063976947848784488486800001589401926981965493930263287089943830052677136952069 3.61e-181
V1 0.895023968738567581775205302730006936398205373248215643955493457470076770728134269372487116667293207150414378857543060220432651707124092470865922003224 3.61e-181 0.171490309809374975541122055625428625236151973776905773730702405435965598519367570000316817874043460363984022839464958644836474890746977526347850305969 9.04e-182 0.411731914022884785585093080162974505289734022864742718243142784891986492694616858409052914566497576026767163017985500950832264159660455457187898779260 1.81e-181
V2 0.411731914022884785585093080162974505289734022864742718243142784891986492694616858409052914566497576026767163017985500950832264159660455457187898779260 1.81e-181 0.895023968738567581775205302730006936398205373248215643955493457470076770728134269372487116667293207150414378857543060220432651707124092470865922003224 3.61e-181 0.171490309809374975541122055625428625236151973776905773730702405435965598519367570000316817874043460363984022839464958644836474890746977526347850305969 9.04e-182
V3 0.171490309809374975541122055625428625236151973776905773730702405435965598519367570000316817874043460363984022839464958644836474890746977526347850305969 9.04e-182 0.411731914022884785585093080162974505289734022864742718243142784891986492694616858409052914566497576026767163017985500950832264159660455457187898779260 1.81e-181 0.895023968738567581775205302730006936398205373248215643955493457470076770728134269372487116667293207150414378857543060220432651707124092470865922003224 3.61e-181
V12 0.800992899482025696698989309445039552756987845749998795594756199970940212885821664536371091188111610826178528412885481976665541669583994754312306668962 3.61e-181 0.381964324149505653815941410076123244954236170669550528792394239259412023237905752511743957681383805301770967002484169321851090769346104650340527210235 1.81e-181 -0.460992006499449890813339371479272677316196066935184021563756497138751430992402016168546849025069944503599830787090827145805200624177502718468390412954 1.81e-181
V23 -0.460992006499449890813339371479272677316196066935184021563756497138751430992402016168546849025069944503599830787090827145805200624177502718468390412954 1.81e-181 0.800992899482025696698989309445039552756987845749998795594756199970940212885821664536371091188111610826178528412885481976665541669583994754312306668962 3.61e-181 0.381964324149505653815941410076123244954236170669550528792394239259412023237905752511743957681383805301770967002484169321851090769346104650340527210235 1.81e-181
V31 0.381964324149505653815941410076123244954236170669550528792394239259412023237905752511743957681383805301770967002484169321851090769346104650340527210235 1.81e-181 -0.460992006499449890813339371479272677316196066935184021563756497138751430992402016168546849025069944503599830787090827145805200624177502718468390412954 1.81e-181 0.800992899482025696698989309445039552756987845749998795594756199970940212885821664536371091188111610826178528412885481976665541669583994754312306668962 3.61e-181
P 0.778839962032255311222004861699505084013113822769079033171407214411891795936775049061233988184088899691977593948273970507142329782820950041285347566058 3.61e-181 -0.627178075625406450219574610018797948879141660518650894615098661805778121537001360449113098590670031735142693455115057171627870307440340138800686400889 3.61e-181 0.00748164396420016717339105754449104726649933118051188620307018361784497071215218048694149296013851637364652170189097412494302664235772761299665057203139 2.82e-183
I 0.00748164396420016717339105754449104726649933118051188620307018361784497071215218048694149296013851637364652170189097412494302664235772761299665057203139 2.82e-183 0.778839962032255311222004861699505084013113822769079033171407214411891795936775049061233988184088899691977593948273970507142329782820950041285347566058 3.61e-181 -0.627178075625406450219574610018797948879141660518650894615098661805778121537001360449113098590670031735142693455115057171627870307440340138800686400889 3.61e-181
A -0.627178075625406450219574610018797948879141660518650894615098661805778121537001360449113098590670031735142693455115057171627870307440340138800686400889 3.61e-181 0.00748164396420016717339105754449104726649933118051188620307018361784497071215218048694149296013851637364652170189097412494302664235772761299665057203139 2.82e-183 0.778839962032255311222004861699505084013113822769079033171407214411891795936775049061233988184088899691977593948273970507142329782820950041285347566058 3.61e-181
Q -0.00748164396420016717339105754449104726649933118051188620307018361784497071215218048694149296013851637364652170189097412494302664235772761299665057203139 2.82e-183 0.627178075625406450219574610018797948879141660518650894615098661805778121537001360449113098590670031735142693455115057171627870307440340138800686400889 3.61e-181 -0.778839962032255311222004861699505084013113822769079033171407214411891795936775049061233988184088899691977593948273970507142329782820950041285347566058 3.61e-181
J -0.778839962032255311222004861699505084013113822769079033171407214411891795936775049061233988184088899691977593948273970507142329782820950041285347566058 3.61e-181 -0.00748164396420016717339105754449104726649933118051188620307018361784497071215218048694149296013851637364652170189097412494302664235772761299665057203139 2.82e-183 0.627178075625406450219574610018797948879141660518650894615098661805778121537001360449113098590670031735142693455115057171627870307440340138800686400889 3.61e-181
B 0.627178075625406450219574610018797948879141660518650894615098661805778121537001360449113098590670031735142693455115057171627870307440340138800686400889 3.61e-181 -0.778839962032255311222004861699505084013113822769079033171407214411891795936775049061233988184088899691977593948273970507142329782820950041285347566058 3.61e-181 -0.00748164396420016717339105754449104726649933118051188620307018361784497071215218048694149296013851637364652170189097412494302664235772761299665057203139 2.82e-183
W12 0.460992006499449890813339371479272677316196066935184021563756497138751430992402016168546849025069944503599830787090827145805200624177502718468390412954 1.81e-181 -0.381964324149505653815941410076123244954236170669550528792394239259412023237905752511743957681383805301770967002484169321851090769346104650340527210235 1.81e-181 -0.800992899482025696698989309445039552756987845749998795594756199970940212885821664536371091188111610826178528412885481976665541669583994754312306668962 3.61e-181
W23 -0.381964324149505653815941410076123244954236170669550528792394239259412023237905752511743957681383805301770967002484169321851090769346104650340527210235 1.81e-181 -0.800992899482025696698989309445039552756987845749998795594756199970940212885821664536371091188111610826178528412885481976665541669583994754312306668962 3.61e-181 0.460992006499449890813339371479272677316196066935184021563756497138751430992402016168546849025069944503599830787090827145805200624177502718468390412954 1.81e-181
W31 -0.800992899482025696698989309445039552756987845749998795594756199970940212885821664536371091188111610826178528412885481976665541669583994754312306668962 3.61e-181 0.460992006499449890813339371479272677316196066935184021563756497138751430992402016168546849025069944503599830787090827145805200624177502718468390412954 1.81e-181 -0.381964324149505653815941410076123244954236170669550528792394239259412023237905752511743957681383805301770967002484169321851090769346104650340527210235 1.81e-181
W1 -0.411731914022884785585093080162974505289734022864742718243142784891986492694616858409052914566497576026767163017985500950832264159660455457187898779260 1.81e-181 -0.171490309809374975541122055625428625236151973776905773730702405435965598519367570000316817874043460363984022839464958644836474890746977526347850305969 9.04e-182 -0.895023968738567581775205302730006936398205373248215643955493457470076770728134269372487116667293207150414378857543060220432651707124092470865922003224 3.61e-181
W2 -0.171490309809374975541122055625428625236151973776905773730702405435965598519367570000316817874043460363984022839464958644836474890746977526347850305969 9.04e-182 -0.895023968738567581775205302730006936398205373248215643955493457470076770728134269372487116667293207150414378857543060220432651707124092470865922003224 3.61e-181 -0.411731914022884785585093080162974505289734022864742718243142784891986492694616858409052914566497576026767163017985500950832264159660455457187898779260 1.81e-181
W3 -0.895023968738567581775205302730006936398205373248215643955493457470076770728134269372487116667293207150414378857543060220432651707124092470865922003224 3.61e-181 -0.411731914022884785585093080162974505289734022864742718243142784891986492694616858409052914566497576026767163017985500950832264159660455457187898779260 1.81e-181 -0.171490309809374975541122055625428625236151973776905773730702405435965598519367570000316817874043460363984022839464958644836474890746977526347850305969 9.04e-182
C3 keep [1, 2, 3, 4, 5, 6, 7, 8, 9, 13, 14, 15, 16, 17, 18]
C3 contacts [(0, 1), (0, 2), (0, 3), (0, 5), (0, 6), (1, 2), (1, 3), (1, 4), (1, 7), (2, 4), (2, 5), (2, 8), (3, 7), (3, 9), (4, 8), (4, 11), (5, 6), (5, 10), (6, 9), (7, 11), (8, 10), (9, 12), (9, 13), (10, 13), (10, 14), (11, 12), (11, 14), (12, 13), (12, 14), (13, 14)]
C1 keep [1, 2, 3, 4, 5, 6, 7, 8, 11, 13, 14, 15, 16, 17, 18]
C1 contacts [(0, 1), (0, 2), (0, 3), (0, 5), (0, 6), (1, 2), (1, 3), (1, 4), (1, 7), (2, 4), (2, 5), (3, 7), (3, 9), (4, 8), (4, 11), (5, 6), (5, 10), (6, 9), (7, 11), (8, 10), (8, 14), (9, 12), (9, 13), (10, 13), (10, 14), (11, 12), (11, 14), (12, 13), (12, 14), (13, 14)]
