0.8950239687385675817752053 0.1714903098093749755411221 0.4117319140228847855850931
0.4117319140228847855850931 0.8950239687385675817752053 0.1714903098093749755411221
0.1714903098093749755411221 0.4117319140228847855850931 0.8950239687385675817752053
0.8009928994820256966989893 0.3819643241495056538159414 -0.4609920064994498908133394
-0.4609920064994498908133394 0.8009928994820256966989893 0.3819643241495056538159414
0.3819643241495056538159414 -0.4609920064994498908133394 0.8009928994820256966989893
0.7788399620322553112220049 -0.6271780756254064502195746 0.0074816439642001671733911
0.0074816439642001671733911 0.7788399620322553112220049 -0.6271780756254064502195746
-0.7788399620322553112220049 -0.0074816439642001671733911 0.6271780756254064502195746
0.4609920064994498908133394 -0.3819643241495056538159414 -0.8009928994820256966989893
-0.3819643241495056538159414 -0.8009928994820256966989893 0.4609920064994498908133394
-0.8009928994820256966989893 0.4609920064994498908133394 -0.3819643241495056538159414
-0.4117319140228847855850931 -0.1714903098093749755411221 -0.8950239687385675817752053
-0.1714903098093749755411221 -0.8950239687385675817752053 -0.4117319140228847855850931
-0.8950239687385675817752053 -0.4117319140228847855850931 -0.1714903098093749755411221
