# 8 frame configurations (one point of each toggle pair), exact contacts; from code/sage/tie_targets.sage
conf P,I,A C3
0.8950239687385675817752053027300069363982 1.00e-38 0.1714903098093749755411220556254286252362 1.00e-38 0.4117319140228847855850930801629745052897 1.00e-38
0.4117319140228847855850930801629745052897 1.00e-38 0.8950239687385675817752053027300069363982 1.00e-38 0.1714903098093749755411220556254286252362 1.00e-38
0.1714903098093749755411220556254286252362 1.00e-38 0.4117319140228847855850930801629745052897 1.00e-38 0.8950239687385675817752053027300069363982 1.00e-38
0.8009928994820256966989893094450395527570 1.00e-38 0.3819643241495056538159414100761232449542 1.00e-38 -0.4609920064994498908133393714792726773162 1.00e-38
-0.4609920064994498908133393714792726773162 1.00e-38 0.8009928994820256966989893094450395527570 1.00e-38 0.3819643241495056538159414100761232449542 1.00e-38
0.3819643241495056538159414100761232449542 1.00e-38 -0.4609920064994498908133393714792726773162 1.00e-38 0.8009928994820256966989893094450395527570 1.00e-38
0.7788399620322553112220048616995050840131 1.00e-38 -0.6271780756254064502195746100187979488791 1.00e-38 0.007481643964200167173391057544491047266499 1.00e-38
0.007481643964200167173391057544491047266499 1.00e-38 0.7788399620322553112220048616995050840131 1.00e-38 -0.6271780756254064502195746100187979488791 1.00e-38
-0.6271780756254064502195746100187979488791 1.00e-38 0.007481643964200167173391057544491047266499 1.00e-38 0.7788399620322553112220048616995050840131 1.00e-38
0.4609920064994498908133393714792726773162 1.00e-38 -0.3819643241495056538159414100761232449542 1.00e-38 -0.8009928994820256966989893094450395527570 1.00e-38
-0.3819643241495056538159414100761232449542 1.00e-38 -0.8009928994820256966989893094450395527570 1.00e-38 0.4609920064994498908133393714792726773162 1.00e-38
-0.8009928994820256966989893094450395527570 1.00e-38 0.4609920064994498908133393714792726773162 1.00e-38 -0.3819643241495056538159414100761232449542 1.00e-38
-0.4117319140228847855850930801629745052897 1.00e-38 -0.1714903098093749755411220556254286252362 1.00e-38 -0.8950239687385675817752053027300069363982 1.00e-38
-0.1714903098093749755411220556254286252362 1.00e-38 -0.8950239687385675817752053027300069363982 1.00e-38 -0.4117319140228847855850930801629745052897 1.00e-38
-0.8950239687385675817752053027300069363982 1.00e-38 -0.4117319140228847855850930801629745052897 1.00e-38 -0.1714903098093749755411220556254286252362 1.00e-38
contacts 0 1 0 2 0 3 0 5 0 6 1 2 1 3 1 4 1 7 2 4 2 5 2 8 3 7 3 9 4 8 4 11 5 6 5 10 6 9 7 11 8 10 9 12 9 13 10 13 10 14 11 12 11 14 12 13 12 14 13 14
conf P,I,J C1
0.8950239687385675817752053027300069363982 1.00e-38 0.1714903098093749755411220556254286252362 1.00e-38 0.4117319140228847855850930801629745052897 1.00e-38
0.4117319140228847855850930801629745052897 1.00e-38 0.8950239687385675817752053027300069363982 1.00e-38 0.1714903098093749755411220556254286252362 1.00e-38
0.1714903098093749755411220556254286252362 1.00e-38 0.4117319140228847855850930801629745052897 1.00e-38 0.8950239687385675817752053027300069363982 1.00e-38
0.8009928994820256966989893094450395527570 1.00e-38 0.3819643241495056538159414100761232449542 1.00e-38 -0.4609920064994498908133393714792726773162 1.00e-38
-0.4609920064994498908133393714792726773162 1.00e-38 0.8009928994820256966989893094450395527570 1.00e-38 0.3819643241495056538159414100761232449542 1.00e-38
0.3819643241495056538159414100761232449542 1.00e-38 -0.4609920064994498908133393714792726773162 1.00e-38 0.8009928994820256966989893094450395527570 1.00e-38
0.7788399620322553112220048616995050840131 1.00e-38 -0.6271780756254064502195746100187979488791 1.00e-38 0.007481643964200167173391057544491047266499 1.00e-38
0.007481643964200167173391057544491047266499 1.00e-38 0.7788399620322553112220048616995050840131 1.00e-38 -0.6271780756254064502195746100187979488791 1.00e-38
-0.7788399620322553112220048616995050840131 1.00e-38 -0.007481643964200167173391057544491047266499 1.00e-38 0.6271780756254064502195746100187979488791 1.00e-38
0.4609920064994498908133393714792726773162 1.00e-38 -0.3819643241495056538159414100761232449542 1.00e-38 -0.8009928994820256966989893094450395527570 1.00e-38
-0.3819643241495056538159414100761232449542 1.00e-38 -0.8009928994820256966989893094450395527570 1.00e-38 0.4609920064994498908133393714792726773162 1.00e-38
-0.8009928994820256966989893094450395527570 1.00e-38 0.4609920064994498908133393714792726773162 1.00e-38 -0.3819643241495056538159414100761232449542 1.00e-38
-0.4117319140228847855850930801629745052897 1.00e-38 -0.1714903098093749755411220556254286252362 1.00e-38 -0.8950239687385675817752053027300069363982 1.00e-38
-0.1714903098093749755411220556254286252362 1.00e-38 -0.8950239687385675817752053027300069363982 1.00e-38 -0.4117319140228847855850930801629745052897 1.00e-38
-0.8950239687385675817752053027300069363982 1.00e-38 -0.4117319140228847855850930801629745052897 1.00e-38 -0.1714903098093749755411220556254286252362 1.00e-38
contacts 0 1 0 2 0 3 0 5 0 6 1 2 1 3 1 4 1 7 2 4 2 5 3 7 3 9 4 8 4 11 5 6 5 10 6 9 7 11 8 10 8 14 9 12 9 13 10 13 10 14 11 12 11 14 12 13 12 14 13 14
conf P,A,Q C1
0.8950239687385675817752053027300069363982 1.00e-38 0.1714903098093749755411220556254286252362 1.00e-38 0.4117319140228847855850930801629745052897 1.00e-38
0.4117319140228847855850930801629745052897 1.00e-38 0.8950239687385675817752053027300069363982 1.00e-38 0.1714903098093749755411220556254286252362 1.00e-38
0.1714903098093749755411220556254286252362 1.00e-38 0.4117319140228847855850930801629745052897 1.00e-38 0.8950239687385675817752053027300069363982 1.00e-38
0.8009928994820256966989893094450395527570 1.00e-38 0.3819643241495056538159414100761232449542 1.00e-38 -0.4609920064994498908133393714792726773162 1.00e-38
-0.4609920064994498908133393714792726773162 1.00e-38 0.8009928994820256966989893094450395527570 1.00e-38 0.3819643241495056538159414100761232449542 1.00e-38
0.3819643241495056538159414100761232449542 1.00e-38 -0.4609920064994498908133393714792726773162 1.00e-38 0.8009928994820256966989893094450395527570 1.00e-38
0.7788399620322553112220048616995050840131 1.00e-38 -0.6271780756254064502195746100187979488791 1.00e-38 0.007481643964200167173391057544491047266499 1.00e-38
-0.6271780756254064502195746100187979488791 1.00e-38 0.007481643964200167173391057544491047266499 1.00e-38 0.7788399620322553112220048616995050840131 1.00e-38
-0.007481643964200167173391057544491047266499 1.00e-38 0.6271780756254064502195746100187979488791 1.00e-38 -0.7788399620322553112220048616995050840131 1.00e-38
0.4609920064994498908133393714792726773162 1.00e-38 -0.3819643241495056538159414100761232449542 1.00e-38 -0.8009928994820256966989893094450395527570 1.00e-38
-0.3819643241495056538159414100761232449542 1.00e-38 -0.8009928994820256966989893094450395527570 1.00e-38 0.4609920064994498908133393714792726773162 1.00e-38
-0.8009928994820256966989893094450395527570 1.00e-38 0.4609920064994498908133393714792726773162 1.00e-38 -0.3819643241495056538159414100761232449542 1.00e-38
-0.4117319140228847855850930801629745052897 1.00e-38 -0.1714903098093749755411220556254286252362 1.00e-38 -0.8950239687385675817752053027300069363982 1.00e-38
-0.1714903098093749755411220556254286252362 1.00e-38 -0.8950239687385675817752053027300069363982 1.00e-38 -0.4117319140228847855850930801629745052897 1.00e-38
-0.8950239687385675817752053027300069363982 1.00e-38 -0.4117319140228847855850930801629745052897 1.00e-38 -0.1714903098093749755411220556254286252362 1.00e-38
contacts 0 1 0 2 0 3 0 5 0 6 1 2 1 3 1 4 2 4 2 5 2 7 3 8 3 9 4 7 4 11 5 6 5 10 6 9 7 10 8 11 8 12 9 12 9 13 10 13 10 14 11 12 11 14 12 13 12 14 13 14
conf P,Q,J C1
0.8950239687385675817752053027300069363982 1.00e-38 0.1714903098093749755411220556254286252362 1.00e-38 0.4117319140228847855850930801629745052897 1.00e-38
0.4117319140228847855850930801629745052897 1.00e-38 0.8950239687385675817752053027300069363982 1.00e-38 0.1714903098093749755411220556254286252362 1.00e-38
0.1714903098093749755411220556254286252362 1.00e-38 0.4117319140228847855850930801629745052897 1.00e-38 0.8950239687385675817752053027300069363982 1.00e-38
0.8009928994820256966989893094450395527570 1.00e-38 0.3819643241495056538159414100761232449542 1.00e-38 -0.4609920064994498908133393714792726773162 1.00e-38
-0.4609920064994498908133393714792726773162 1.00e-38 0.8009928994820256966989893094450395527570 1.00e-38 0.3819643241495056538159414100761232449542 1.00e-38
0.3819643241495056538159414100761232449542 1.00e-38 -0.4609920064994498908133393714792726773162 1.00e-38 0.8009928994820256966989893094450395527570 1.00e-38
0.7788399620322553112220048616995050840131 1.00e-38 -0.6271780756254064502195746100187979488791 1.00e-38 0.007481643964200167173391057544491047266499 1.00e-38
-0.007481643964200167173391057544491047266499 1.00e-38 0.6271780756254064502195746100187979488791 1.00e-38 -0.7788399620322553112220048616995050840131 1.00e-38
-0.7788399620322553112220048616995050840131 1.00e-38 -0.007481643964200167173391057544491047266499 1.00e-38 0.6271780756254064502195746100187979488791 1.00e-38
0.4609920064994498908133393714792726773162 1.00e-38 -0.3819643241495056538159414100761232449542 1.00e-38 -0.8009928994820256966989893094450395527570 1.00e-38
-0.3819643241495056538159414100761232449542 1.00e-38 -0.8009928994820256966989893094450395527570 1.00e-38 0.4609920064994498908133393714792726773162 1.00e-38
-0.8009928994820256966989893094450395527570 1.00e-38 0.4609920064994498908133393714792726773162 1.00e-38 -0.3819643241495056538159414100761232449542 1.00e-38
-0.4117319140228847855850930801629745052897 1.00e-38 -0.1714903098093749755411220556254286252362 1.00e-38 -0.8950239687385675817752053027300069363982 1.00e-38
-0.1714903098093749755411220556254286252362 1.00e-38 -0.8950239687385675817752053027300069363982 1.00e-38 -0.4117319140228847855850930801629745052897 1.00e-38
-0.8950239687385675817752053027300069363982 1.00e-38 -0.4117319140228847855850930801629745052897 1.00e-38 -0.1714903098093749755411220556254286252362 1.00e-38
contacts 0 1 0 2 0 3 0 5 0 6 1 2 1 3 1 4 2 4 2 5 3 7 3 9 4 8 4 11 5 6 5 10 6 9 7 11 7 12 8 10 8 14 9 12 9 13 10 13 10 14 11 12 11 14 12 13 12 14 13 14
conf I,A,B C1
0.8950239687385675817752053027300069363982 1.00e-38 0.1714903098093749755411220556254286252362 1.00e-38 0.4117319140228847855850930801629745052897 1.00e-38
0.4117319140228847855850930801629745052897 1.00e-38 0.8950239687385675817752053027300069363982 1.00e-38 0.1714903098093749755411220556254286252362 1.00e-38
0.1714903098093749755411220556254286252362 1.00e-38 0.4117319140228847855850930801629745052897 1.00e-38 0.8950239687385675817752053027300069363982 1.00e-38
0.8009928994820256966989893094450395527570 1.00e-38 0.3819643241495056538159414100761232449542 1.00e-38 -0.4609920064994498908133393714792726773162 1.00e-38
-0.4609920064994498908133393714792726773162 1.00e-38 0.8009928994820256966989893094450395527570 1.00e-38 0.3819643241495056538159414100761232449542 1.00e-38
0.3819643241495056538159414100761232449542 1.00e-38 -0.4609920064994498908133393714792726773162 1.00e-38 0.8009928994820256966989893094450395527570 1.00e-38
0.007481643964200167173391057544491047266499 1.00e-38 0.7788399620322553112220048616995050840131 1.00e-38 -0.6271780756254064502195746100187979488791 1.00e-38
-0.6271780756254064502195746100187979488791 1.00e-38 0.007481643964200167173391057544491047266499 1.00e-38 0.7788399620322553112220048616995050840131 1.00e-38
0.6271780756254064502195746100187979488791 1.00e-38 -0.7788399620322553112220048616995050840131 1.00e-38 -0.007481643964200167173391057544491047266499 1.00e-38
0.4609920064994498908133393714792726773162 1.00e-38 -0.3819643241495056538159414100761232449542 1.00e-38 -0.8009928994820256966989893094450395527570 1.00e-38
-0.3819643241495056538159414100761232449542 1.00e-38 -0.8009928994820256966989893094450395527570 1.00e-38 0.4609920064994498908133393714792726773162 1.00e-38
-0.8009928994820256966989893094450395527570 1.00e-38 0.4609920064994498908133393714792726773162 1.00e-38 -0.3819643241495056538159414100761232449542 1.00e-38
-0.4117319140228847855850930801629745052897 1.00e-38 -0.1714903098093749755411220556254286252362 1.00e-38 -0.8950239687385675817752053027300069363982 1.00e-38
-0.1714903098093749755411220556254286252362 1.00e-38 -0.8950239687385675817752053027300069363982 1.00e-38 -0.4117319140228847855850930801629745052897 1.00e-38
-0.8950239687385675817752053027300069363982 1.00e-38 -0.4117319140228847855850930801629745052897 1.00e-38 -0.1714903098093749755411220556254286252362 1.00e-38
contacts 0 1 0 2 0 3 0 5 1 2 1 3 1 4 1 6 2 4 2 5 2 7 3 6 3 9 4 7 4 11 5 8 5 10 6 11 7 10 8 9 8 13 9 12 9 13 10 13 10 14 11 12 11 14 12 13 12 14 13 14
conf I,J,B C1
0.8950239687385675817752053027300069363982 1.00e-38 0.1714903098093749755411220556254286252362 1.00e-38 0.4117319140228847855850930801629745052897 1.00e-38
0.4117319140228847855850930801629745052897 1.00e-38 0.8950239687385675817752053027300069363982 1.00e-38 0.1714903098093749755411220556254286252362 1.00e-38
0.1714903098093749755411220556254286252362 1.00e-38 0.4117319140228847855850930801629745052897 1.00e-38 0.8950239687385675817752053027300069363982 1.00e-38
0.8009928994820256966989893094450395527570 1.00e-38 0.3819643241495056538159414100761232449542 1.00e-38 -0.4609920064994498908133393714792726773162 1.00e-38
-0.4609920064994498908133393714792726773162 1.00e-38 0.8009928994820256966989893094450395527570 1.00e-38 0.3819643241495056538159414100761232449542 1.00e-38
0.3819643241495056538159414100761232449542 1.00e-38 -0.4609920064994498908133393714792726773162 1.00e-38 0.8009928994820256966989893094450395527570 1.00e-38
0.007481643964200167173391057544491047266499 1.00e-38 0.7788399620322553112220048616995050840131 1.00e-38 -0.6271780756254064502195746100187979488791 1.00e-38
-0.7788399620322553112220048616995050840131 1.00e-38 -0.007481643964200167173391057544491047266499 1.00e-38 0.6271780756254064502195746100187979488791 1.00e-38
0.6271780756254064502195746100187979488791 1.00e-38 -0.7788399620322553112220048616995050840131 1.00e-38 -0.007481643964200167173391057544491047266499 1.00e-38
0.4609920064994498908133393714792726773162 1.00e-38 -0.3819643241495056538159414100761232449542 1.00e-38 -0.8009928994820256966989893094450395527570 1.00e-38
-0.3819643241495056538159414100761232449542 1.00e-38 -0.8009928994820256966989893094450395527570 1.00e-38 0.4609920064994498908133393714792726773162 1.00e-38
-0.8009928994820256966989893094450395527570 1.00e-38 0.4609920064994498908133393714792726773162 1.00e-38 -0.3819643241495056538159414100761232449542 1.00e-38
-0.4117319140228847855850930801629745052897 1.00e-38 -0.1714903098093749755411220556254286252362 1.00e-38 -0.8950239687385675817752053027300069363982 1.00e-38
-0.1714903098093749755411220556254286252362 1.00e-38 -0.8950239687385675817752053027300069363982 1.00e-38 -0.4117319140228847855850930801629745052897 1.00e-38
-0.8950239687385675817752053027300069363982 1.00e-38 -0.4117319140228847855850930801629745052897 1.00e-38 -0.1714903098093749755411220556254286252362 1.00e-38
contacts 0 1 0 2 0 3 0 5 1 2 1 3 1 4 1 6 2 4 2 5 3 6 3 9 4 7 4 11 5 8 5 10 6 11 7 10 7 14 8 9 8 13 9 12 9 13 10 13 10 14 11 12 11 14 12 13 12 14 13 14
conf A,Q,B C1
0.8950239687385675817752053027300069363982 1.00e-38 0.1714903098093749755411220556254286252362 1.00e-38 0.4117319140228847855850930801629745052897 1.00e-38
0.4117319140228847855850930801629745052897 1.00e-38 0.8950239687385675817752053027300069363982 1.00e-38 0.1714903098093749755411220556254286252362 1.00e-38
0.1714903098093749755411220556254286252362 1.00e-38 0.4117319140228847855850930801629745052897 1.00e-38 0.8950239687385675817752053027300069363982 1.00e-38
0.8009928994820256966989893094450395527570 1.00e-38 0.3819643241495056538159414100761232449542 1.00e-38 -0.4609920064994498908133393714792726773162 1.00e-38
-0.4609920064994498908133393714792726773162 1.00e-38 0.8009928994820256966989893094450395527570 1.00e-38 0.3819643241495056538159414100761232449542 1.00e-38
0.3819643241495056538159414100761232449542 1.00e-38 -0.4609920064994498908133393714792726773162 1.00e-38 0.8009928994820256966989893094450395527570 1.00e-38
-0.6271780756254064502195746100187979488791 1.00e-38 0.007481643964200167173391057544491047266499 1.00e-38 0.7788399620322553112220048616995050840131 1.00e-38
-0.007481643964200167173391057544491047266499 1.00e-38 0.6271780756254064502195746100187979488791 1.00e-38 -0.7788399620322553112220048616995050840131 1.00e-38
0.6271780756254064502195746100187979488791 1.00e-38 -0.7788399620322553112220048616995050840131 1.00e-38 -0.007481643964200167173391057544491047266499 1.00e-38
0.4609920064994498908133393714792726773162 1.00e-38 -0.3819643241495056538159414100761232449542 1.00e-38 -0.8009928994820256966989893094450395527570 1.00e-38
-0.3819643241495056538159414100761232449542 1.00e-38 -0.8009928994820256966989893094450395527570 1.00e-38 0.4609920064994498908133393714792726773162 1.00e-38
-0.8009928994820256966989893094450395527570 1.00e-38 0.4609920064994498908133393714792726773162 1.00e-38 -0.3819643241495056538159414100761232449542 1.00e-38
-0.4117319140228847855850930801629745052897 1.00e-38 -0.1714903098093749755411220556254286252362 1.00e-38 -0.8950239687385675817752053027300069363982 1.00e-38
-0.1714903098093749755411220556254286252362 1.00e-38 -0.8950239687385675817752053027300069363982 1.00e-38 -0.4117319140228847855850930801629745052897 1.00e-38
-0.8950239687385675817752053027300069363982 1.00e-38 -0.4117319140228847855850930801629745052897 1.00e-38 -0.1714903098093749755411220556254286252362 1.00e-38
contacts 0 1 0 2 0 3 0 5 1 2 1 3 1 4 2 4 2 5 2 6 3 7 3 9 4 6 4 11 5 8 5 10 6 10 7 11 7 12 8 9 8 13 9 12 9 13 10 13 10 14 11 12 11 14 12 13 12 14 13 14
conf Q,J,B C3
0.8950239687385675817752053027300069363982 1.00e-38 0.1714903098093749755411220556254286252362 1.00e-38 0.4117319140228847855850930801629745052897 1.00e-38
0.4117319140228847855850930801629745052897 1.00e-38 0.8950239687385675817752053027300069363982 1.00e-38 0.1714903098093749755411220556254286252362 1.00e-38
0.1714903098093749755411220556254286252362 1.00e-38 0.4117319140228847855850930801629745052897 1.00e-38 0.8950239687385675817752053027300069363982 1.00e-38
0.8009928994820256966989893094450395527570 1.00e-38 0.3819643241495056538159414100761232449542 1.00e-38 -0.4609920064994498908133393714792726773162 1.00e-38
-0.4609920064994498908133393714792726773162 1.00e-38 0.8009928994820256966989893094450395527570 1.00e-38 0.3819643241495056538159414100761232449542 1.00e-38
0.3819643241495056538159414100761232449542 1.00e-38 -0.4609920064994498908133393714792726773162 1.00e-38 0.8009928994820256966989893094450395527570 1.00e-38
-0.007481643964200167173391057544491047266499 1.00e-38 0.6271780756254064502195746100187979488791 1.00e-38 -0.7788399620322553112220048616995050840131 1.00e-38
-0.7788399620322553112220048616995050840131 1.00e-38 -0.007481643964200167173391057544491047266499 1.00e-38 0.6271780756254064502195746100187979488791 1.00e-38
0.6271780756254064502195746100187979488791 1.00e-38 -0.7788399620322553112220048616995050840131 1.00e-38 -0.007481643964200167173391057544491047266499 1.00e-38
0.4609920064994498908133393714792726773162 1.00e-38 -0.3819643241495056538159414100761232449542 1.00e-38 -0.8009928994820256966989893094450395527570 1.00e-38
-0.3819643241495056538159414100761232449542 1.00e-38 -0.8009928994820256966989893094450395527570 1.00e-38 0.4609920064994498908133393714792726773162 1.00e-38
-0.8009928994820256966989893094450395527570 1.00e-38 0.4609920064994498908133393714792726773162 1.00e-38 -0.3819643241495056538159414100761232449542 1.00e-38
-0.4117319140228847855850930801629745052897 1.00e-38 -0.1714903098093749755411220556254286252362 1.00e-38 -0.8950239687385675817752053027300069363982 1.00e-38
-0.1714903098093749755411220556254286252362 1.00e-38 -0.8950239687385675817752053027300069363982 1.00e-38 -0.4117319140228847855850930801629745052897 1.00e-38
-0.8950239687385675817752053027300069363982 1.00e-38 -0.4117319140228847855850930801629745052897 1.00e-38 -0.1714903098093749755411220556254286252362 1.00e-38
contacts 0 1 0 2 0 3 0 5 1 2 1 3 1 4 2 4 2 5 3 6 3 9 4 7 4 11 5 8 5 10 6 11 6 12 7 10 7 14 8 9 8 13 9 12 9 13 10 13 10 14 11 12 11 14 12 13 12 14 13 14
