1 0
2 0
3 0
4 0
5 0
6 1
7 0
8 0
9 0
10 4
11 3
12 0
13 0
14 0
15 3
16 24
17 33
18 13
19 0
20 0
21 0
22 0
23 33
24 188
25 338
26 252
27 68
28 0
29 0
30 0
31 0
32 13
33 338
34 1705
35 3580
36 3740
37 1938
38 399
39 0
40 0
41 0
42 0
43 0
44 252
45 3580
46 16980
47 39525
48 51300
49 38076
50 15180
51 2530
52 0
53 0
54 0
55 0
56 0
57 68
58 3740
59 39525
60 180670
61 452865
62 685419
63 646415
64 373175
65 121095
66 16965
67 0
68 0
69 0
70 0
71 0
72 0
73 1938
74 51300
75 452865
76 2020120
77 5354832
78 9095856
79 10215450
80 7580040
81 3585270
82 981708
83 118668
84 0
85 0
86 0
87 0
88 0
89 0
90 399
91 38076
92 685419
93 5354832
94 23478426
95 65022840
96 120872850
97 155282400
98 138770307
99 84955500
100 34057716
101 8069424
102 857956
103 0
104 0
105 0
106 0
107 0
108 0
109 0
110 15180
111 646415
112 9095856
113 65022840
114 281481880
115 807560625
116 1614234960
117 2308636872
118 2385474924
119 1771227780
120 923388320
121 321343520
122 67116816
123 6369883
124 0
125 0
126 0
127 0
128 0
129 0
130 0
131 2530
132 373175
133 10215450
134 120872850
135 807560625
136 3461873536
137 10224817515
138 21697730835
139 33884104716
140 39371798620
141 34033120352
142 21621598240
143 9818164785
144 3019324542
145 563921995
146 48336171
147 0
148 0
149 0
150 0
151 0
152 0
153 0
154 0
155 121095
156 7580040
157 155282400
158 1614234960
159 10224817515
160 43494961404
161 131631305718
162 293695935764
163 493664301900
164 632245743360
165 618627319508
166 459709747416
167 255271793013
168 102695772540
169 28295250870
170 4779753924
171 373537388
172 0
173 0
174 0
175 0
176 0
177 0
178 0
179 0
180 16965
181 3585270
182 138770307
183 2308636872
184 21697730835
185 131631305718
186 556461656569
187 1719292293940
188 4003423965684
189 7163670046390
190 9961386763471
191 10810581882048
192 9135510464769
193 5954146216122
194 2936860026555
195 1060686094468
196 264731283124
197 40822300260
198 2931682810
199 0
200 0
201 0
202 0
203 0
204 0
205 0
206 0
207 0
208 981708
209 84955500
210 2385474924
211 33884104716
212 293695935764
213 1719292293940
214 7230987646484
215 22743461653913
216 54944523689692
217 103763065273868
218 154845378043356
219 183542225427288
220 172799444159004
221 128509671380636
222 74594936121244
223 33099334719374
224 10846341360680
225 2474340291640
226 350983793160
227 23317105140
228 0
229 0
230 0
231 0
232 0
233 0
234 0
235 0
236 0
237 118668
238 34057716
239 1771227780
240 39371798620
241 493664301900
242 4003423965684
243 22743461653913
244 95244774132810
245 304256251541865
246 758990230992175
247 1502307864650229
248 2383820707170903
249 3049428514709005
250 3149161310343195
251 2617910531361675
252 1738475822655803
253 909677252304975
254 366839935995225
255 110021453799075
256 23113080470025
257 3035532263715
258 187606350645
259 0
260 0
261 0
262 0
263 0
264 0
265 0
266 0
267 0
268 0
269 8069424
270 923388320
271 34033120352
272 632245743360
273 7163670046390
274 54944523689692
275 304256251541865
276 1269534571172912
277 4111134671255120
278 10548884795729280
279 21761080776410612
280 36442606887380720
281 49832317688251644
282 55767015477055960
283 51016380424468690
284 37966937724685200
285 22775127224906000
286 10848875262039360
287 4009615065155700
288 1108646793886800
289 215835588583230
290 26391011006700
291 1524813969276
292 0
293 0
294 0
295 0
296 0
297 0
298 0
299 0
300 0
301 0
302 857956
303 321343520
304 21621598240
305 618627319508
306 9961386763471
307 103763065273868
308 758990230992175
309 4111134671255120
310 17100621281619328
311 56049154766899216
312 147458773053913268
313 315549530992690360
314 554298151416805250
315 803942706850594696
316 965497579659342422
317 960128739004850800
318 788296085061392600
319 531023131024604400
320 290469070041199140
321 126984538515487380
322 43316617906774695
323 11109833677939020
324 2015295796059780
325 230520593919264
326 12504654858828
327 0
328 0
329 0
330 0
331 0
332 0
333 0
334 0
335 0
336 0
337 0
338 67116816
339 9818164785
340 459709747416
341 10810581882048
342 154845378043356
343 1502307864650229
344 10548884795729280
345 56049154766899216
346 232511930087682528
347 770325744569310630
348 2072369440050644208
349 4582364923307696400
350 8400196401561257832
351 12839830022839567566
352 16416845486035438080
353 17572581865419152880
354 15721902968785977600
355 11707539914156891805
356 7203474479567541240
357 3621223658789139312
358 1462829719651362972
359 463320681833663820
360 110813332652307648
361 18817531143347904
362 2022044572291632
363 103367824774012
364 0
365 0
366 0
367 0
368 0
369 0
370 0
371 0
372 0
373 0
374 0
375 6369883
376 3019324542
377 255271793013
378 9135510464769
379 183542225427288
380 2383820707170903
381 21761080776410612
382 147458773053913268
383 770325744569310630
384 3188042426888493288
385 10664613057653024586
386 29271357456284966994
387 66658415276911696116
388 126970839779073805326
389 203433434236335902340
390 275098917635210906020
391 314411007496771740555
392 303506470039595098770
393 246770378700345414213
394 168119606475519300225
395 95196092203636496604
396 44271448117821496116
397 16621613483980669824
398 4913392647191797248
399 1100882909816823884
400 175725302115820400
401 17804216715385860
402 860593023907540
403 0
404 0
405 0
406 0
407 0
408 0
409 0
410 0
411 0
412 0
413 0
414 0
415 563921995
416 102695772540
417 5954146216122
418 172799444159004
419 3049428514709005
420 36442606887380720
421 315549530992690360
422 2072369440050644208
423 10664613057653024586
424 44044340659897011960
425 148625522045319923940
426 415388057139669491640
427 971470329451880885382
428 1915714124139225729200
429 3202683882061957749400
430 4555160649337179538800
431 5521516485184354935735
432 5704174259691741124668
433 5013645087104978992746
434 3735464926399338758940
435 2345236775129157444060
436 1229933684815350647040
437 532140601505094994912
438 186622389179410332224
439 51717471285980045620
440 10899131234469543600
441 1641273838452237000
442 157309149185085040
443 7211115497448720
444 0
445 0
446 0
447 0
448 0
449 0
450 0
451 0
452 0
453 0
454 0
455 0
456 48336171
457 28295250870
458 2936860026555
459 128509671380636
460 3149161310343195
461 49832317688251644
462 554298151416805250
463 4582364923307696400
464 29271357456284966994
465 148625522045319923940
466 612682442544403458906
467 2083861159031267974680
468 5920621270606727099170
469 14185685270944403606250
470 28868933413589514447375
471 50162682891204510451344
472 74686134068370136704015
473 95472735185616148733310
474 104840313318378768820599
475 98802300236670101040060
476 79704313220292719957796
477 54799240316634879214640
478 31901468711385612823560
479 15580265249264644388736
480 6301982944887020303780
481 2073478877496247251240
482 540811014403680915300
483 107581466673629785200
484 15332798215438919280
485 1394285570330567850
486 60776550501588855
487 0
488 0
489 0
490 0
491 0
492 0
493 0
494 0
495 0
496 0
497 0
498 0
499 0
500 4779753924
501 1060686094468
502 74594936121244
503 2617910531361675
504 55767015477055960
505 803942706850594696
506 8400196401561257832
507 66658415276911696116
508 415388057139669491640
509 2083861159031267974680
510 8576173996429408244744
511 29380007049114187644563
512 84734373393057616420500
513 207555422795247763548620
514 434714539939887935021580
515 782444914891963004893266
516 1214556582214319048150292
517 1629452253402651556456116
518 1891086915239517873532620
519 1897825729713839856142660
520 1644077970309298267506784
521 1225504077466154054852448
522 782161778167854842653984
523 424452591148900277249440
524 193964075835926368302000
525 73659825386979435856560
526 22824763058331974659920
527 5622573436583695837245
528 1059100562733084026100
529 143274111660702074700
530 12393683540442107820
531 514956972502029690
532 0
533 0
534 0
535 0
536 0
537 0
538 0
539 0
540 0
541 0
542 0
543 0
544 0
545 373537388
546 264731283124
547 33099334719374
548 1738475822655803
549 51016380424468690
550 965497579659342422
551 12839830022839567566
552 126970839779073805326
553 971470329451880885382
554 5920621270606727099170
555 29380007049114187644563
556 120734770665315957308854
557 416341394505297608277403
558 1217356495071021836952113
559 3042870891144065613022545
560 6543425407466197309160277
561 12164024621616086826492501
562 19616254890964404231458151
563 27505181383053100178964332
564 33571665916841696984090140
565 35670367841853482946033728
566 32956237454657788920106304
567 26414782085582180150077024
568 18298576101167492530983968
569 10897319113247275764594000
570 5537956401990878682492720
571 2377778350552023962406435
572 850975001414918618972580
573 249186162990342159900675
574 58154309945690041708425
575 10402168453758092582865
576 1339145606991528208845
577 110458270601685368505
578 4384387181372914755
579 0
580 0
581 0
582 0
583 0
584 0
585 0
586 0
587 0
588 0
589 0
590 0
591 0
592 0
593 40822300260
594 10846341360680
595 909677252304975
596 37966937724685200
597 960128739004850800
598 16416845486035438080
599 203433434236335902340
600 1915714124139225729200
601 14185685270944403606250
602 84734373393057616420500
603 416341394505297608277403
604 1708630691933874550607448
605 5927764635004623487610928
606 17552447457047580897916272
607 44698358396451125716411578
608 98481130699041658902769512
609 188594202833250405811389658
610 314996376100800119237824212
611 459944272645905222652038588
612 587909684154983580672749312
613 658082092471257853832904768
614 644676358642810592499046272
615 551784882078520524443997568
616 411470475120923571148357632
617 266225247824988975851012718
618 148599069885255909606271772
619 71006480553848221779305733
620 28750116522230397086556312
621 9728973477780572414088288
622 2700379901025466535876112
623 598713797156934315425058
624 101955161815761825545832
625 12520056035128495374378
626 986859488418830642772
627 37495248874510995828
628 0
629 0
630 0
631 0
632 0
633 0
634 0
635 0
636 0
637 0
638 0
639 0
640 0
641 0
642 2931682810
643 2474340291640
644 366839935995225
645 22775127224906000
646 788296085061392600
647 17572581865419152880
648 275098917635210906020
649 3202683882061957749400
650 28868933413589514447375
651 207555422795247763548620
652 1217356495071021836952113
653 5927764635004623487610928
654 24297503112732187169008150
655 84766454117485022820689400
656 253935698968519186598938050
657 657876614536776962218940840
658 1482314506862738148572674625
659 2917639647988255264267034100
660 5033522193611925043215804100
661 7629480458567259029733412000
662 10175209895131206567360561480
663 11947678110773822818494473600
664 12348247944560917853514358400
665 11220392885746567331505383400
666 8944769032640746202282718025
667 6235809714101175147495456340
668 3784705321488559119583419015
669 1987796418616426688465065200
670 896307974244031306890664350
671 343346202276482894383071000
672 110187846699137606403571770
673 29068776751955065826805720
674 6138276565442402756486925
675 997442752856309093358900
676 117086125235444144279820
677 8836734524222810077488
678 321973371914323166604
679 0
680 0
681 0
682 0
683 0
684 0
685 0
686 0
687 0
688 0
689 0
690 0
691 0
692 0
693 0
694 350983793160
695 110021453799075
696 10848875262039360
697 531023131024604400
698 15721902968785977600
699 314411007496771740555
700 4555160649337179538800
701 50162682891204510451344
702 434714539939887935021580
703 3042870891144065613022545
704 17552447457047580897916272
705 84766454117485022820689400
706 347067275060012374597003144
707 1217063124403103675594889525
708 3685430393064246296542113600
709 9701163875160408244935829800
710 22317166137466582291231822500
711 45057884779177179697017747660
712 80100341855738566275076612800
713 125679874758659216012793547200
714 174320904226516321943784429600
715 213911442659613942523290099375
716 232239142384123392372197658480
717 222909865510233552960577144800
718 188855650104562819853792027700
719 140881687589941084763354498835
720 92207726277136978448161993200
721 52698508343201863098664027320
722 26135116600064649911640277800
723 11155645748232763831879933575
724 4054786565305482749994931680
725 1237385480962913592926701800
726 311030315689129291837174164
727 62695276104905906626601580
728 9741844531615668464821920
729 1095281861614324229860896
730 79293301578337533716400
731 2775265555241813680074
732 0
733 0
734 0
735 0
736 0
737 0
738 0
739 0
740 0
741 0
742 0
743 0
744 0
745 0
746 0
747 23317105140
748 23113080470025
749 4009615065155700
750 290469070041199140
751 11707539914156891805
752 303506470039595098770
753 5521516485184354935735
754 74686134068370136704015
755 782444914891963004893266
756 6543425407466197309160277
757 44698358396451125716411578
758 253935698968519186598938050
759 1217063124403103675594889525
760 4978089277692582687782377176
761 17540281937987024934641551407
762 53647604833283930336910760575
763 143320550790082981331025512100
764 336128122383776858257924662900
765 694858926613916250328511903040
766 1270159707365109732498719071680
767 2057881883265277675462852377525
768 2960027977288708475515414717350
769 3783513252293698474277830097775
770 4298664175000031865019573672695
771 4339360064752528915366249861890
772 3887527680515542090147719170715
773 3084891711588150278823623394450
774 2162268098317988448608884570650
775 1333613980746596267152673079555
776 720159611331790815501084324660
777 338291318386301195036271581145
778 137083120136609010159008912985
779 47401721766622201271428561140
780 13788484829313516294380879796
781 3309704963580157881529406112
782 638164688957236679800804704
783 95003286953545657583961750
784 10248659229000126232844700
785 712895130763387560752946
786 24005427634602793982722
787 0
788 0
789 0
790 0
791 0
792 0
793 0
794 0
795 0
796 0
797 0
798 0
799 0
800 0
801 0
802 0
803 3035532263715
804 1108646793886800
805 126984538515487380
806 7203474479567541240
807 246770378700345414213
808 5704174259691741124668
809 95472735185616148733310
810 1214556582214319048150292
811 12164024621616086826492501
812 98481130699041658902769512
813 657876614536776962218940840
814 3685430393064246296542113600
815 17540281937987024934641551407
816 71677374721883236745923225756
817 253679249847902051758267037502
818 783133628405569338616289451972
819 2121168678423029252964574091100
820 5065016521329029973681411310080
821 10703697172198604521680133512540
822 20080130432134241151222417711240
823 33519561674009704326746419479465
824 49872370051762356341244991859100
825 66207834499964844393669249923790
826 78458264310410214260968022459220
827 82980124932027401938426748401935
828 78264874714730084871017988774600
829 65731852994694439520259607233600
830 49049944688671227960375891580560
831 32421172874146476500495242651005
832 18905850430119650632097946591108
833 9675664971998609296373135613138
834 4317079827710495067892854816060
835 1665028714755696495307459191252
836 549033611609581220216430637056
837 152566895432204709159459742056
838 35042298210200944228912192560
839 6475445367584771509401992550
840 925210919041476456100347272
841 95924033281139343872613476
842 6420989313021909202664472
843 208318056954199178840392
