# The graphs kept by tfilter and rejected by vlevel1, one per line: k, part, index in the tfilter survivor file of the part.
# Written by code/impl2/stageA_compare.sh ASSETS VDIR from the vlevel1 survivor files; checked by code/impl2/stageA_compare.sh ASSETS.
0 1 252
0 1 253
0 127 2
0 208 122
0 234 87
0 239 316
0 271 11
0 289 237
0 289 256
0 325 80
0 344 33
0 391 47
0 391 50
0 470 129
0 470 130
0 474 22
0 484 266
0 484 267
0 495 167
0 495 272
0 499 539
0 525 232
0 533 366
0 533 891
0 544 235
0 551 409
0 556 168
0 556 176
0 558 228
0 584 30
0 613 75
0 635 94
0 635 95
0 672 75
0 673 38
0 673 39
0 725 39
0 741 148
0 762 295
0 862 140
0 886 99
0 930 19
0 997 18
0 997 19
0 1023 219
0 1038 2
0 1050 19
0 1050 37
0 1057 23
0 1069 177
0 1109 89
0 1127 93
0 1152 132
0 1152 133
0 1222 877
0 1226 127
0 1313 44
0 1320 300
0 1320 302
0 1320 303
0 1320 307
0 1345 75
0 1360 185
0 1360 193
0 1362 104
0 1362 105
0 1362 108
0 1362 109
0 1362 110
0 1362 111
0 1373 46
0 1385 122
0 1443 77
0 1455 9
0 1521 104
0 1530 203
0 1539 261
0 1539 262
0 1648 0
0 1663 348
0 1676 142
0 1693 20
0 1815 111
0 1826 110
0 1843 210
0 1843 247
0 1847 205
0 1880 319
0 1904 65
0 1910 57
0 1931 134
0 1938 67
0 1939 250
0 1966 179
0 1969 162
0 1969 163
0 1990 227
0 1991 231
