job               verified failed missing    wall_s    user_s
full_k0_0_q0         36271      0       1    524.22    522.82
full_k0_0_q1         36271      0       1    443.01    414.80
full_k0_0_q2         36269      0       3    508.12    479.23
full_k0_0_q3         36271      0       1    474.71    443.94
full_k0_1_q0         36270      0       2    699.73    664.24
full_k0_1_q1         36271      0       1    606.67    573.18
full_k0_1_q2         36272      0       0    554.36    524.30
full_k0_1_q3         36270      0       2    603.14    572.49
full_k0_2_q0         36271      0       1    606.02    590.12
full_k0_2_q1         36270      0       2    571.84    556.41
full_k0_2_q2         36272      0       0    546.13    531.27
full_k0_2_q3         36271      0       0    443.64    429.59
full_k1_0             2990      0      10    509.51    497.88
full_k1_1             2991      0       9    468.07    456.34
full_k1_2             2983      0      17    518.94    508.69
full_k1_3             2992      0       7    576.34    560.55
full_k1_4             2991      0       8    507.44    492.60
full_k1_5             2988      0      11    630.91    614.36
full_k1_6             2984      0      15    546.66    532.04
full_k1_7             2979      0      20    542.87    528.92
full_k1_8             2988      0      11    457.87    443.23
full_k2                393      0      48    500.62    486.02
full_k3                  1      0       4      5.04      5.02
p1_k1                   46      0      62    650.01    647.21
p1_k2                    8      0      36     13.39     13.16
p1_k3                    1      0       4      2.18      2.07
p2_k1                   43      0      65   2186.01   2158.31
p2_k2                    8      0      36    532.37    529.37
p3_k1                   17      0      91   3217.20   3187.38
p3_k2                   28      0      16   3292.81   3263.81
p3_k3                    3      0       2   1607.42   1581.44
p3w_k1                   3      0     105    802.93    795.89
p3w_k3                   1      0       4      7.64      7.62
p4a_k1                   1      0     107    427.76    422.61
p4b_k1                   2      0     106    122.65    122.00
p4c_k1                   2      0     106      1.81      1.80
p5a_k1                   1      0     107   1136.38   1116.77
p5b_k1                   1      0     107   1329.43   1309.50
p5c_k1                   1      0     107   1255.86   1236.81
pb_k0_0                  6      0  145082   1487.61   1473.75
pb_k0_1                  5      0  145083    343.15    340.85
pb_k0_2                  3      0  145084    321.00    318.41
pb_k2                    4      0     437    160.24    158.46
pw_k1                   43      0      65   1147.39   1137.21
pw_k2                    8      0      36    147.08    146.63
total               462764      0             32038     31399
