command: plantri_ms_chk -pGu 12 0/1
binary sha256: 27fa7c21ee5f1371036f3ab20ee9792934821db2a1d70c30173a8af1346db2ff
start: 2026-10-02T00:41:52Z
./plantri_ms_chk -pGu 12 0/1
cell 12 8 1 2 0
cell 12 8 2 5 4
cell 12 8 4 3 2
cell 12 8 8 1 1
cell 12 8 12 1 1
cell 12 8 24 2 2
cell 12 9 1 449 294
cell 12 9 2 99 70
cell 12 9 4 10 9
cell 12 10 1 8331 6120
cell 12 10 2 459 352
cell 12 10 4 27 24
cell 12 10 8 3 2
cell 12 10 16 1 1
cell 12 10 20 1 1
cell 12 11 1 63080 42911
cell 12 11 2 1317 896
cell 12 11 3 4 4
cell 12 11 4 25 20
cell 12 11 6 10 9
cell 12 11 12 3 3
cell 12 12 1 265253 132710
cell 12 12 2 3052 1797
cell 12 12 4 82 64
cell 12 12 8 6 6
cell 12 12 22 1 0
cell 12 13 1 704267 199748
cell 12 13 2 4977 2153
cell 12 13 4 58 37
cell 12 14 1 1255238 149899
cell 12 14 2 7631 2111
cell 12 14 3 14 10
cell 12 14 4 123 61
cell 12 14 6 12 7
cell 12 14 8 5 3
cell 12 14 12 7 7
cell 12 14 24 1 1
cell 12 14 48 1 1
cell 12 15 1 1548735 55372
cell 12 15 2 8141 1168
cell 12 15 4 73 29
cell 12 15 10 2 1
cell 12 15 20 1 1
cell 12 16 1 1329899 9487
cell 12 16 2 8774 543
cell 12 16 4 171 38
cell 12 16 8 9 5
cell 12 17 1 783543 690
cell 12 17 2 6125 111
cell 12 17 3 10 1
cell 12 17 4 53 7
cell 12 17 6 17 4
cell 12 17 12 1 1
cell 12 18 1 301763 12
cell 12 18 2 4592 19
cell 12 18 4 108 4
cell 12 18 8 5 1
cell 12 18 16 2 1
cell 12 19 1 68697 0
cell 12 19 2 1711 0
cell 12 19 4 46 1
cell 12 20 1 6756 0
cell 12 20 2 747 0
cell 12 20 3 1 0
cell 12 20 4 68 0
cell 12 20 6 7 0
cell 12 20 8 10 0
cell 12 20 10 1 0
cell 12 20 12 3 0
cell 12 20 40 1 0
cell 12 20 120 1 1
total 12 0 1 6384634 606838
6384634 polytopes generated; cpu=4.20 sec
time: wall 4.20 s, user 4.20 s, sys 0.00 s, max rss 2744 KB
end: 2026-10-02T00:41:56Z
