command: plantri_ms_chk -pGu 13 0/1
binary sha256: 27fa7c21ee5f1371036f3ab20ee9792934821db2a1d70c30173a8af1346db2ff
start: 2026-10-02T00:49:05Z
./plantri_ms_chk -pGu 13 0/1
cell 13 9 1 164 64
cell 13 9 2 49 27
cell 13 9 4 4 3
cell 13 9 8 2 1
cell 13 10 1 7491 4210
cell 13 10 2 396 260
cell 13 10 3 4 4
cell 13 10 4 11 5
cell 13 10 6 14 10
cell 13 11 1 102524 64296
cell 13 11 2 1663 991
cell 13 11 4 26 16
cell 13 12 1 704267 394345
cell 13 12 2 4977 2861
cell 13 12 4 58 30
cell 13 13 1 2926794 1155834
cell 13 13 2 10542 4745
cell 13 13 3 42 23
cell 13 13 4 61 26
cell 13 13 6 44 29
cell 13 13 8 9 5
cell 13 13 12 2 0
cell 13 13 24 1 0
cell 13 14 1 8065553 1737442
cell 13 14 2 20041 6595
cell 13 14 4 131 59
cell 13 15 1 15507471 1372064
cell 13 15 2 27975 5584
cell 13 15 4 126 37
cell 13 16 1 21357442 563861
cell 13 16 2 37466 3956
cell 13 16 3 84 16
cell 13 16 4 208 46
cell 13 16 6 74 19
cell 13 17 1 21280669 116451
cell 13 17 2 36355 1567
cell 13 17 4 140 16
cell 13 17 8 14 5
cell 13 18 1 15251420 11281
cell 13 18 2 35448 514
cell 13 18 4 244 16
cell 13 19 1 7683352 457
cell 13 19 2 22981 71
cell 13 19 3 60 1
cell 13 19 4 116 3
cell 13 19 6 66 3
cell 13 19 12 2 0
cell 13 20 1 2583492 4
cell 13 20 2 15890 8
cell 13 20 4 172 2
cell 13 21 1 521508 0
cell 13 21 2 5645 0
cell 13 21 4 75 0
cell 13 21 8 7 0
cell 13 22 1 47030 0
cell 13 22 2 2377 0
cell 13 22 3 12 0
cell 13 22 4 118 0
cell 13 22 6 28 0
cell 13 22 44 1 0
total 13 0 1 96262938 5447863
96262938 polytopes generated; cpu=66.01 sec
time: wall 66.06 s, user 66.01 s, sys 0.00 s, max rss 2744 KB
end: 2026-10-02T00:50:12Z
